AIMSum (Version 19.10.12, Professional)
Copyright (c) 1997-2019 by Todd A. Keith
AIMSum is a component of the AIMAll package ( http://aim.tkgristmill.com )

TP:  64-bit Linux

Much of the Quantum Theory of Atoms in Molecules (QTAIM) is described in the book:
  "Atoms in Molecules - A Quantum Theory"
  R.F.W. Bader, Oxford University Press, Oxford, 1990

For additional references see:  http://aim.tkgristmill.com/references.html

Wfx File:  /home/vallet/Bent-Uranyl/uo2_2cl_2phen/uo2_2cl_2phen/linear/geom-pbe0-d3-gp/QTAIM/gs-uo2_2cl_2phen.linear.pbe0-d3.QTAIM.wfx
Sum File:  /home/vallet/Bent-Uranyl/uo2_2cl_2phen/uo2_2cl_2phen/linear/geom-pbe0-d3-gp/QTAIM/gs-uo2_2cl_2phen.linear.pbe0-d3.QTAIM.sum

SumViz File:  /home/vallet/Bent-Uranyl/uo2_2cl_2phen/uo2_2cl_2phen/linear/geom-pbe0-d3-gp/QTAIM/gs-uo2_2cl_2phen.linear.pbe0-d3.QTAIM.sumviz

Wfx Title:   [UO2cl2(phen)2] - PBE0+D3BJ - GS                                              
 
Specified number of ECP-modeled core electrons in wfx file =     60
Integrated number of ECP-modeled core electrons from EDF data in wfx file =  6.0000000000E+01
 
Total memory allocated for AIMSum =        5.337 Megabytes

Atomic units (a.u.) used throughout, except where stated otherwise

Model:  Restricted SCF
 
Restricted, closed-shell, single-determinant wavefunction.
  Number of electrons (from MO Occs)                   =         270.0000000000
  Number of Alpha electrons (from MO Occs)             =         135.0000000000
  Number of Beta electrons (from MO Occs)              =         135.0000000000
  Number of electron pairs (N*(N-1)/2)                 =       36315.0000000000
  Number of electron pairs (from Muller 2EDM)          =       36315.0000000000
 
Number of ECP-modeled core electrons based on atomic numbers and nuclear charges
specified in the wavefunction file = 60       
Number of ECP-modeled core electrons specified in the wavefunction file = 60       
 
The wavefunction file contains additional electron density function data to represent
the electron density distribution of ECP-modeled core electrons.  Note that only
"non-core-sensitive" properties that are expressible in terms of the electron density
distribution include contributions from these additional core density distributions.
 
Nuclear Charges and Cartesian Coordinates:
-------------------------------------------------------------------------------
Atom      Charge                X                  Y                  Z
-------------------------------------------------------------------------------
U1        92.0           7.6907923195E-26  -5.1698788285E-26   3.8224356822E-01
O2         8.0          -1.0479198683E-25   3.2942076913E+00   3.8225114707E-01
O3         8.0          -4.0342408948E-16  -3.2942076913E+00   3.8225114707E-01
N4         7.0           2.5831276260E+00  -1.5817094970E-16   4.7137740779E+00
C5         6.0           5.0802662033E+00  -3.1107658791E-16   4.7254836448E+00
H6         1.0           5.9727710611E+00  -3.6572674917E-16   2.8812262122E+00
C7         6.0           6.5161803550E+00  -3.9900097192E-16   6.9443722212E+00
H8         1.0           8.5570590881E+00  -5.2396875368E-16   6.8120557383E+00
C9         6.0           5.3016684305E+00  -3.2463356612E-16   9.2245055654E+00
H10        1.0           6.3446472355E+00  -3.8849759711E-16   1.0989166701E+01
C11        6.0           2.6513345149E+00  -1.6234741521E-16   9.2804714909E+00
C12        6.0           1.2765736633E+00  -7.8167593467E-17   1.1594761444E+01
H13        1.0           2.3283678053E+00  -1.4257141109E-16   1.3352911543E+01
C14        6.0          -1.2765736633E+00   2.3450277709E-16   1.1594761444E+01
H15        1.0          -2.3283678053E+00   4.2771422498E-16   1.3352911543E+01
C16        6.0          -2.6513345149E+00   4.8704224730E-16   9.2804714909E+00
C17        6.0          -5.3016684305E+00   9.7390068844E-16   9.2245055654E+00
H18        1.0          -6.3446472355E+00   1.1654927897E-15   1.0989166701E+01
C19        6.0          -6.5161803550E+00   1.1970029124E-15   6.9443722212E+00
H20        1.0          -8.5570590881E+00   1.5719062536E-15   6.8120557383E+00
C21        6.0          -5.0802662033E+00   9.3322976124E-16   4.7254836448E+00
H22        1.0          -5.9727710611E+00   1.0971802442E-15   2.8812262122E+00
N23        7.0          -2.5831276260E+00   4.7451284661E-16   4.7137740779E+00
C24        6.0          -1.3565597666E+00   8.3065327393E-17   6.9512850058E+00
C25        6.0           1.3565597666E+00  -2.4919598797E-16   6.9512850058E+00
Cl26      17.0           4.7063181466E+00  -2.8817887218E-16  -1.3356958371E+00
Cl27      17.0          -4.7063181466E+00   8.6453661924E-16  -1.3356958371E+00
N28        7.0          -1.3591489640E-24   2.5598353534E+00  -4.6838654108E+00
C29        6.0          -1.8117263539E-24   5.0423539530E+00  -4.6771245726E+00
H30        1.0          -9.4839303494E-25   5.9304178259E+00  -2.8318994868E+00
C31        6.0          -2.4498848495E-24   6.5068664640E+00  -6.8804046191E+00
H32        1.0          -3.0718764298E-24   8.5485504186E+00  -6.7425988340E+00
C33        6.0          -2.9913258427E-24   5.3062031440E+00  -9.1727105474E+00
H34        1.0          -4.4601911591E-24   6.3635858657E+00  -1.0929335367E+01
C35        6.0          -2.5164962644E-24   2.6574498844E+00  -9.2442736988E+00
C36        6.0          -2.5857598296E-24   1.2773935639E+00  -1.1558377561E+01
H37        1.0          -3.0510142143E-24   2.3253367848E+00  -1.3320004774E+01
C38        6.0          -1.5643559355E-16  -1.2773935639E+00  -1.1558377561E+01
H39        1.0          -2.8477162418E-16  -2.3253367848E+00  -1.3320004774E+01
C40        6.0          -3.2544374883E-16  -2.6574498844E+00  -9.2442736988E+00
C41        6.0          -6.4982246793E-16  -5.3062031440E+00  -9.1727105474E+00
H42        1.0          -7.7931450429E-16  -6.3635858657E+00  -1.0929335367E+01
C43        6.0          -7.9686131635E-16  -6.5068664640E+00  -6.8804046191E+00
H44        1.0          -1.0468954888E-15  -8.5485504186E+00  -6.7425988340E+00
C45        6.0          -6.1751026149E-16  -5.0423539530E+00  -4.6771245726E+00
H46        1.0          -7.2626671927E-16  -5.9304178259E+00  -2.8318994868E+00
N47        7.0          -3.1348941621E-16  -2.5598353534E+00  -4.6838654108E+00
C48        6.0          -1.0022746014E-24  -1.3598559094E+00  -6.9138661206E+00
C49        6.0           1.6653431826E-16   1.3598559094E+00  -6.9138661206E+00
 
Some Atomic Properties:
----------------------
  q(A) = Net Charge of Atom A
  L(A) = Lagrangian of Atom A = -(1/4) Times Atomic Integral of the Laplacian of the Electron Density
  K(A) = Electronic Kinetic Energy of Atom A (Hamiltonian Form)
  K_Scaled(A) = K(A) * E(Mol)/K(Mol) = Approximation to Virial-Based Total Energy of Atom A.
  |Mu_Intra(A)| = Magnitude of Intraatomic Dipole Moment of Atom A
--------------------------------------------------------------------------------------------------
Atom A          q(A)              L(A)              K(A)          K_Scaled(A)      |Mu_Intra(A)|
--------------------------------------------------------------------------------------------------
U1        2.9785828730E+00  7.5779404222E-03  1.4803083676E+02 -1.6905997713E+02  4.5964591038E-02
O2       -9.0419912090E-01  6.7695398747E-05  7.5456239526E+01 -8.6175491594E+01  1.6491954134E-01
O3       -9.0421543060E-01  5.1091875675E-05  7.5456233819E+01 -8.6175485076E+01  1.6485329422E-01
N4       -1.2423852250E+00  8.9130198946E-05  5.5115796001E+01 -6.2945501191E+01  1.1714584030E-01
C5        5.4668439620E-01  1.6665755377E-05  3.7574854030E+01 -4.2912707258E+01  7.5034012981E-01
H6        1.5427660255E-01  5.0113693373E-05  5.6102318048E-01 -6.4072167759E-01  1.1767837513E-01
C7       -2.8522236500E-02  2.0958566731E-05  3.7903612964E+01 -4.3288169419E+01  1.5419265638E-01
H8        7.3425761360E-02  2.5739913228E-05  5.8752110597E-01 -6.7098387684E-01  1.3621701003E-01
C9       -2.3791058900E-02  7.9300139866E-05  3.7903292001E+01 -4.3287802860E+01  1.2835561256E-01
H10       6.3771069420E-02  2.1186493662E-05  5.9096185265E-01 -6.7491341319E-01  1.3879952062E-01
C11      -2.1106874000E-03 -9.9943418554E-06  3.7917176016E+01 -4.3303659227E+01  5.4501131058E-02
C12      -2.5718872300E-02 -1.0465896515E-04  3.7889999471E+01 -4.3272622005E+01  1.4478062545E-01
H13       5.6594068070E-02  2.3480491000E-05  5.9355328624E-01 -6.7787298373E-01  1.4126022838E-01
C14      -2.5526533300E-02  1.3361022059E-04  3.7890048198E+01 -4.3272677653E+01  1.4462400928E-01
H15       5.6589207650E-02  2.3692103891E-05  5.9355605620E-01 -6.7787614719E-01  1.4126023847E-01
C16      -2.5089981000E-03 -4.7703195215E-04  3.7917061113E+01 -4.3303528002E+01  5.5423711266E-02
C17      -2.3901010300E-02 -4.6313087876E-05  3.7903273888E+01 -4.3287782174E+01  1.2845920628E-01
H18       6.3769236170E-02  2.3356477583E-05  5.9096464499E-01 -6.7491660221E-01  1.3880043257E-01
C19      -2.8579900200E-02 -3.3811645360E-05  3.7903593896E+01 -4.3288147643E+01  1.5437444560E-01
H20       7.3430021870E-02  1.6138141527E-05  5.8751204553E-01 -6.7097352927E-01  1.3624800729E-01
C21       5.4656493320E-01 -1.6426059594E-04  3.7574825531E+01 -4.2912674711E+01  7.5020746136E-01
H22       1.5426796631E-01  3.9675834504E-05  5.6102170612E-01 -6.4071999378E-01  1.1766993945E-01
N23      -1.2424763153E+00 -4.0340094760E-05  5.5115769244E+01 -6.2945470633E+01  1.1711058073E-01
C24       4.8958366010E-01 -3.2449348863E-07  3.7637072871E+01 -4.2983764857E+01  5.5194275521E-01
C25       4.8966402950E-01  9.3663847029E-05  3.7637106071E+01 -4.2983802774E+01  5.5203473208E-01
Cl26     -6.8837290300E-01  2.2766300168E-05  4.5971256575E+02 -5.2501895926E+02  2.2042613645E-01
Cl27     -6.8838066600E-01  1.5171616863E-05  4.5971256315E+02 -5.2501895628E+02  2.2043856545E-01
N28      -1.2015435663E+00  8.6948519343E-05  5.5131168197E+01 -6.2963057149E+01  9.7871392245E-02
C29       5.8429308630E-01 -2.1297420971E-06  3.7545346687E+01 -4.2879008126E+01  7.1554422600E-01
H30       9.7725068060E-02  9.9595897952E-06  5.8584835825E-01 -6.6907349994E-01  1.3068572980E-01
C31      -3.9873687300E-02  9.8618989700E-05  3.7902856649E+01 -4.3287305663E+01  1.4686330811E-01
H32       5.4082569580E-02  2.4230548168E-05  5.9458163518E-01 -6.7904741909E-01  1.4128528474E-01
C33      -3.1407059500E-02 -3.4039674779E-05  3.7900420450E+01 -4.3284523379E+01  1.2595721583E-01
H34       5.0341262350E-02  2.3112137716E-05  5.9577589548E-01 -6.8041133503E-01  1.4247280134E-01
C35      -7.1795813000E-03 -8.5016456469E-05  3.7918130195E+01 -4.3304748957E+01  3.7467195467E-02
C36      -3.2498322600E-02  2.7351833162E-06  3.7888831480E+01 -4.3271288090E+01  1.3625271097E-01
H37       4.4959442350E-02  2.2968612101E-05  5.9772043243E-01 -6.8263211132E-01  1.4476545667E-01
C38      -3.2578997700E-02 -1.0886960395E-04  3.7888799453E+01 -4.3271251513E+01  1.3632677989E-01
H39       4.4963398430E-02  2.4009078156E-05  5.9771899749E-01 -6.8263047254E-01  1.4476740465E-01
C40      -7.2961950000E-03 -1.9118215344E-04  3.7918086152E+01 -4.3304698657E+01  3.7969413736E-02
C41      -3.1449904600E-02 -8.0839555526E-05  3.7900409395E+01 -4.3284510754E+01  1.2587914205E-01
H42       5.0342062600E-02  2.1646127656E-05  5.9577432386E-01 -6.8040954015E-01  1.4247338213E-01
C43      -4.0037511300E-02 -8.3890677302E-05  3.7902797914E+01 -4.3287238584E+01  1.4727246684E-01
H44       5.4078875590E-02  2.2887569733E-05  5.9458266133E-01 -6.7904859101E-01  1.4127754503E-01
C45       5.8430238390E-01  2.4102735217E-05  3.7545356409E+01 -4.2879019229E+01  7.1568962383E-01
H46       9.7731043490E-02  1.5991895837E-05  5.8584966889E-01 -6.6907499676E-01  1.3068981895E-01
N47      -1.2016019682E+00  1.7663088822E-05  5.5131143532E+01 -6.2963028980E+01  9.7856979593E-02
C48       5.2290763510E-01 -1.7011369050E-05  3.7620673246E+01 -4.2965035515E+01  5.6228695623E-01
C49       5.2284300060E-01 -7.3285667320E-05  3.7620652287E+01 -4.2965011578E+01  5.6224288288E-01
--------------------------------------------------------------------------------------------------
Total    -3.8209785001E-04  7.2332514900E-03  2.3554805582E+03 -2.6900982121E+03
 
1st Largest |L(A)| = 7.5779404222E-03, atom U1      
2nd Largest |L(A)| = 4.7703195215E-04, atom C16     
 
Note.  Potentially significant integration error for the following atom:  U1      
 
Molecular charge q(Mol) from the wfx file:   0.0000000000E+00
Molecular energy E(Mol) from the wfx file:  -2.6900983243E+03
Molecular virial ratio (-V(Mol)/T(Mol)) from the wfx file:   2.1420591873E+00
Note.  K_Scaled(A) = (1+V(Mol)/T(Mol))*K(A) = (E(Mol)/T(Mol))*K(A)
       Only use K_Scaled(A) data with caution.
 
Note.  Potentially significant cumulative integration error.
 
N_AIMInt(SumA)     =        330.000382
N_Analytic(Mol)    =        270.000000
 
G_AIMInt(SumA)     =       2355.473325
G_Analytic(Mol)    =       2355.480656
 
K_AIMInt(SumA)     =       2355.480558
K_Analytic(Mol)    =       2355.480656
 
L_AIMInt(SumA)     =          0.007233
L_Analytic(Mol)    =          0.000000
 
VenT_AIMInt(SumA)  =     -15105.525938
VenT_Analytic(Mol) =     -15105.517419
 
Some Information About the Atomic Calculations:
----------------------------------------------
  Time(sec) = "Elapsed User Time", in Seconds, for Atom A by AIMInt and, if used, by TWOe
  NProc = Number of Processors Used for AIMInt Job
  BIM = Basin Integration Method
  OAQ = Angular Quadrature Outside of Beta Sphere
  ORQ = Multiple of Default for Radial Quadrature Outside of Beta Sphere
  IAQ = Multiple of Default for Angular Quadrature Inside of Beta Sphere
  IRQ = Multiple of Default for Radial Quadrature Inside of Beta Sphere
  MIR = Maximum Integration Radius
------------------------------------------------------------------------------------------------------
Atom A     Time(sec)   NProc      BIM          OAQ                     ORQ      IAQ      IRQ      MIR
------------------------------------------------------------------------------------------------------
U1           7479       16     Proaim(5)    9000(GS9)                  1.00     1.00     1.00    13.00
O2           2111       16     Proaim(5)    4500(GS4)                  1.00     1.00     1.00    13.00
O3           1724       16     Proaim(5)    4500(GS4)                  1.00     1.00     1.00    13.00
N4           1694       16     Proaim(5)    4500(GS4)                  1.00     1.00     1.00    13.00
C5           1730       16     Proaim(5)    4500(GS4)                  1.00     1.00     1.00    13.00
H6           1354       16     Proaim(5)    4500(GS4)                  1.00     1.00     1.00    13.00
C7           1734       16     Proaim(5)    4500(GS4)                  1.00     1.00     1.00    13.00
H8            913       16     Proaim(5)    1800(GS4)                  1.00     1.00     1.00    13.00
C9           1487       16     Proaim(5)    4500(GS4)                  1.00     1.00     1.00    13.00
H10           827       16     Proaim(5)    1800(GS4)                  1.00     1.00     1.00    13.00
C11          1249       16     Proaim(5)    4500(GS4)                  1.00     1.00     1.00    13.00
C12          1526       16     Proaim(5)    4500(GS4)                  1.00     1.00     1.00    13.00
H13           862       16     Proaim(5)    1800(GS4)                  1.00     1.00     1.00    13.00
C14          1457       16     Proaim(5)    4500(GS4)                  1.00     1.00     1.00    13.00
H15           770       16     Proaim(5)    1800(GS4)                  1.00     1.00     1.00    13.00
C16          1192       16     Proaim(5)    4500(GS4)                  1.00     1.00     1.00    13.00
C17          1420       16     Proaim(5)    4500(GS4)                  1.00     1.00     1.00    13.00
H18           868       16     Proaim(5)    1800(GS4)                  1.00     1.00     1.00    13.00
C19          2352       16     Proaim(5)    4500(GS4)                  1.00     1.00     1.00    13.00
H20           857       16     Proaim(5)    1800(GS4)                  1.00     1.00     1.00    13.00
C21          2786       16     Proaim(5)    4500(GS4)                  1.00     1.00     1.00    13.00
H22          1624       16     Proaim(5)    4500(GS4)                  1.00     1.00     1.00    13.00
N23          2142       16     Proaim(5)    4500(GS4)                  1.00     1.00     1.00    13.00
C24          2054       16     Proaim(5)    4500(GS4)                  1.00     1.00     1.00    13.00
C25          2020       16     Proaim(5)    4500(GS4)                  1.00     1.00     1.00    13.00
Cl26         3215       16     Proaim(5)    4500(GS4)                  1.00     1.00     1.00    13.00
Cl27         3348       16     Proaim(5)    4500(GS4)                  1.00     1.00     1.00    13.00
N28          2854       16     Proaim(5)    4500(GS4)                  1.00     1.00     1.00    13.00
C29          2382       16     Proaim(5)    4500(GS4)                  1.00     1.00     1.00    13.00
H30          2000       16     Proaim(5)    4500(GS4)                  1.00     1.00     1.00    13.00
C31          1482       16     Proaim(5)    4500(GS4)                  1.00     1.00     1.00    13.00
H32           764       16     Proaim(5)    1800(GS4)                  1.00     1.00     1.00    13.00
C33          1505       16     Proaim(5)    4500(GS4)                  1.00     1.00     1.00    13.00
H34           840       16     Proaim(5)    1800(GS4)                  1.00     1.00     1.00    13.00
C35          1457       16     Proaim(5)    4500(GS4)                  1.00     1.00     1.00    13.00
C36          1476       16     Proaim(5)    4500(GS4)                  1.00     1.00     1.00    13.00
H37           771       16     Proaim(5)    1800(GS4)                  1.00     1.00     1.00    13.00
C38          1426       16     Proaim(5)    4500(GS4)                  1.00     1.00     1.00    13.00
H39           885       16     Proaim(5)    1800(GS4)                  1.00     1.00     1.00    13.00
C40          2213       16     Proaim(5)    4500(GS4)                  1.00     1.00     1.00    13.00
C41          1592       16     Proaim(5)    4500(GS4)                  1.00     1.00     1.00    13.00
H42           751       16     Proaim(5)    1800(GS4)                  1.00     1.00     1.00    13.00
C43          1225       16     Proaim(5)    4500(GS4)                  1.00     1.00     1.00    13.00
H44          1081       16     Proaim(5)    1800(GS4)                  1.00     1.00     1.00    13.00
C45          2399       16     Proaim(5)    4500(GS4)                  1.00     1.00     1.00    13.00
H46          2043       16     Proaim(5)    4500(GS4)                  1.00     1.00     1.00    13.00
N47          2569       16     Proaim(5)    4500(GS4)                  1.00     1.00     1.00    13.00
C48          1940       16     Proaim(5)    4500(GS4)                  1.00     1.00     1.00    13.00
C49          1836       16     Proaim(5)    4500(GS4)                  1.00     1.00     1.00    13.00
------------------------------------------------------------------------------------------------------
Total       86286
Note:  Total wall clock time is less than total of atomic times if more than one atom
       was calculated at a time
 
Electron Density Critical Point Analysis of Molecular Structure:               
---------------------------------------------------------------                
  NACP = Nuclear Attractor Critical Point                                      
  NNACP = Non-Nuclear Attractor Critical Point                                 
  BCP = Bond Critical Point                                                    
  RCP = Ring Critical Point                                                    
  CCP = Cage Critical Point                                                    
  Rho = Electron Density                                                       
  GradRho = Gradient of Electron Density                                       
  HessRho_EigVals = Eigenvalues of the Hessian of Rho, Ascending Order         
  HessRho_EigVecs = Eigenvectors of the Hessian of Rho                         
  DelSqRho = Laplacian of Rho = Trace of Hessian of Rho                        
  Bond Ellipticity = (HessRho_EigVal(1) / HessRho_EigVal(2)) - 1               
  V = Virial Field = Potential Energy Density = Trace of Stress Tensor         
  G = Lagrangian Form of Kinetic Energy Density                                
  K = Hamiltonian Form of Kinetic Energy Density                               
  L = K - G = Lagrangian Density = (-1/4)DelSqRho                              
  Vnuc = Electrostatic Potential from Nuclei                                   
  Ven = Electron-nuclear attractive contribution to Virial Field V             
  Vrep = V - Ven = Repulsive contribution to Virial Field V                    
  DelSqV = Laplacian of V                                                      
  DelSqVen = Laplacian of Ven                                                  
  DelSqVrep = Laplacian of Vrep                                                
  DelSqG = Laplacian of G                                                      
  DelSqK = Laplacian of K                                                      
  Stress_EigVals = Eigenvalues of Stress Tensor, Ascending Order               
  Stress_EigVecs = Eigenvectors of Stress Tensor                               
  -DivStress = Ehrenfest Force Density = Minus Divergence of Stress Tensor     
  ESP = Total Electrostatic Potential                                          
  ESPe = Electrostatic Potential from Electrons                                
  ESPn = Electrostatic Potential from Nuclei                                   
  BP = Bond Path                                                               
  BPL = Bond Path Length                                                       
  GBL = Geometric Bond Length                                                  
  GBL_I = Distance Between Nuclear Attractors                                  
  GBL_II = Distance Between Nuclei                                             
  GBL_III = Sum of Distances Between BCP and Nuclear Attractors                
  GBL_IV = Sum of Distances Between BCP and Nuclei                             

CP# 1      Coords =  7.69079121386027E-26 -5.16987907935311E-26  3.82243568217800E-01
           Type = (3,-3) NACP U1
           Rho =  1.8048580000E+07     Rho at Nucleus =  1.8048580000E+07
           GradRho =  2.1788233213E-17 -4.5817832974E-17  6.9730278630E-03
           HessRho_EigVals = -8.2401238760E+14 -8.2401238760E+14 -8.2401238760E+14
           HessRho_EigVec1 =  0.0000000000E+00  1.0000000000E+00  0.0000000000E+00
           HessRho_EigVec2 =  0.0000000000E+00  0.0000000000E+00  1.0000000000E+00
           HessRho_EigVec3 =  1.0000000000E+00  0.0000000000E+00  0.0000000000E+00
           DelSqRho = -2.4720371628E+15
           Bond Ellipticity = NA
           V = -6.8086600753E+03
           G =  1.4768702436E+03
           K =  5.3317898317E+03
           L =  6.1800929070E+14
           Vnuc =  9.2000000347E+09
           Ven = -1.6604693662E+17
           Vrep =  1.6604693662E+17
           DelSqV =  5.3494201162E+08
           DelSqVen =  4.9814081026E+33
           DelSqVrep = -4.9814081026E+33
           DelSqG =  4.4214763154E+07
           DelSqK = -5.7915677478E+08
           Stress_EigVals = -2.2759804999E+03 -2.2725492608E+03 -2.2601303147E+03
           Stress_EigVec1 =  1.0000000000E+00  0.0000000000E+00  0.0000000000E+00
           Stress_EigVec2 =  0.0000000000E+00  0.0000000000E+00  1.0000000000E+00
           Stress_EigVec3 =  0.0000000000E+00  1.0000000000E+00  0.0000000000E+00
           -DivStress = -1.0209188624E-14  1.6153568219E-14  1.0260103747E+02
           ESP =  -8.2751000696E+02     ESP at Nucleus =  -8.2751000696E+02
           ESPe = -8.6220738376E+02     ESPe at Nucleus = -8.6220738376E+02
           ESPn =  3.4697376808E+01     ESPn at Nucleus =  3.4697376808E+01

CP# 2      Coords =  4.90596142315701E-25  3.29420484753777E+00  3.82251335508115E-01
           Type = (3,-3) NACP O2
           Rho =  3.0239037675E+02     Rho at Nucleus =  3.0239037063E+02
           GradRho = -2.3373568830E-18  2.0484947067E-10  6.1468885537E-13
           HessRho_EigVals = -1.5067424876E+06 -1.5067418456E+06 -1.5067403179E+06
           HessRho_EigVec1 =  0.0000000000E+00  5.6748903989E-01  8.2338095048E-01
           HessRho_EigVec2 =  1.0000000000E+00  0.0000000000E+00  0.0000000000E+00
           HessRho_EigVec3 =  0.0000000000E+00  8.2338095048E-01 -5.6748903989E-01
           DelSqRho = -4.5202246511E+06
           Bond Ellipticity = NA
           V = -1.1302029338E+06
           G =  7.3385520232E+01
           K =  1.1301295483E+06
           L =  1.1300561628E+06
           Vnuc =  2.8070674831E+06
           Ven = -8.4883019379E+08
           Vrep =  8.4769999086E+08
           DelSqV =  2.2026256033E+11
           DelSqVen =  1.2688575594E+13
           DelSqVrep = -1.2468313067E+13
           DelSqG =  5.6327014233E+09
           DelSqK = -2.2589526175E+11
           Stress_EigVals = -3.7673456910E+05 -3.7673426387E+05 -3.7673410085E+05
           Stress_EigVec1 =  0.0000000000E+00  7.7842978159E-01 -6.2773169040E-01
           Stress_EigVec2 =  1.0000000000E+00  0.0000000000E+00  0.0000000000E+00
           Stress_EigVec3 =  0.0000000000E+00  6.2773169040E-01  7.7842978159E-01
           -DivStress = -4.0464084495E-14  2.0631457909E+05 -1.3674237481E+04
           ESP =  -2.2374076242E+01     ESP at Nucleus =  -2.2374076279E+01
           ESPe = -7.8816764527E+01     ESPe at Nucleus = -7.8816736333E+01
           ESPn =  5.6442688285E+01     ESPn at Nucleus =  5.6442660054E+01

CP# 3      Coords = -4.03424204519553E-16 -3.29420484753777E+00  3.82251335508115E-01
           Type = (3,-3) NACP O3
           Rho =  3.0239037675E+02     Rho at Nucleus =  3.0239037063E+02
           GradRho =  4.1819564658E-20 -2.0484769431E-10  6.1653460115E-13
           HessRho_EigVals = -1.5067424876E+06 -1.5067418456E+06 -1.5067403179E+06
           HessRho_EigVec1 =  0.0000000000E+00 -5.6748903996E-01  8.2338095043E-01
           HessRho_EigVec2 =  1.0000000000E+00  0.0000000000E+00  0.0000000000E+00
           HessRho_EigVec3 =  0.0000000000E+00  8.2338095043E-01  5.6748903996E-01
           DelSqRho = -4.5202246511E+06
           Bond Ellipticity = NA
           V = -1.1302029338E+06
           G =  7.3385520232E+01
           K =  1.1301295483E+06
           L =  1.1300561628E+06
           Vnuc =  2.8070674831E+06
           Ven = -8.4883019379E+08
           Vrep =  8.4769999086E+08
           DelSqV =  2.2026256033E+11
           DelSqVen =  1.2688575594E+13
           DelSqVrep = -1.2468313034E+13
           DelSqG =  5.6327014233E+09
           DelSqK = -2.2589526175E+11
           Stress_EigVals = -3.7673456910E+05 -3.7673426387E+05 -3.7673410085E+05
           Stress_EigVec1 =  0.0000000000E+00  7.7842978168E-01  6.2773169029E-01
           Stress_EigVec2 =  1.0000000000E+00  0.0000000000E+00  0.0000000000E+00
           Stress_EigVec3 =  0.0000000000E+00 -6.2773169029E-01  7.7842978168E-01
           -DivStress =  8.0550583821E-12 -2.0631457909E+05 -1.3674237481E+04
           ESP =  -2.2374076242E+01     ESP at Nucleus =  -2.2374076279E+01
           ESPe = -7.8816764527E+01     ESPe at Nucleus = -7.8816736333E+01
           ESPn =  5.6442688285E+01     ESPn at Nucleus =  5.6442660054E+01

CP# 4      Coords =  2.58313008246940E+00 -1.58170910942513E-16  4.71377901463377E+00
           Type = (3,-3) NACP N4
           Rho =  1.9850119441E+02     Rho at Nucleus =  1.9850118318E+02
           GradRho = -1.0639600312E-10 -2.5125667127E-21  5.8373195166E-11
           HessRho_EigVals = -7.3889143997E+05 -7.3889002296E+05 -7.3887951367E+05
           HessRho_EigVec1 =  0.0000000000E+00  1.0000000000E+00  0.0000000000E+00
           HessRho_EigVec2 =  8.3458525491E-01  0.0000000000E+00 -5.5087879999E-01
           HessRho_EigVec3 =  5.5087879999E-01  0.0000000000E+00  8.3458525491E-01
           DelSqRho = -2.2166609766E+06
           Bond Ellipticity = NA
           V = -5.5422042417E+05
           G =  2.7590009287E+01
           K =  5.5419283416E+05
           L =  5.5416524415E+05
           Vnuc =  1.2695228726E+06
           Ven = -2.5200180654E+08
           Vrep =  2.5144758611E+08
           DelSqV =  7.8915416542E+10
           DelSqVen =  2.8141018112E+12
           DelSqVrep = -2.7351863926E+12
           DelSqG =  2.0633468995E+09
           DelSqK = -8.0978763442E+10
           Stress_EigVals = -1.8474171673E+05 -1.8473974735E+05 -1.8473896009E+05
           Stress_EigVec1 =  5.8155128672E-01  0.0000000000E+00  8.1350974236E-01
           Stress_EigVec2 =  8.1350974236E-01  0.0000000000E+00 -5.8155128672E-01
           Stress_EigVec3 =  0.0000000000E+00  1.0000000000E+00  0.0000000000E+00
           -DivStress = -6.3852371470E+04 -9.4975908335E-13 -1.2830910926E+05
           ESP =  -1.8337428424E+01     ESP at Nucleus =  -1.8337428553E+01
           ESPe = -6.7812259552E+01     ESPe at Nucleus = -6.7812277455E+01
           ESPn =  4.9474831128E+01     ESPn at Nucleus =  4.9474848901E+01

CP# 5      Coords =  5.08026408054544E+00 -3.11076615760920E-16  4.72548489808340E+00
           Type = (3,-3) NACP C5
           Rho =  1.2218381283E+02     Rho at Nucleus =  1.2218381185E+02
           GradRho =  1.1315937076E-10  1.7447000235E-21 -3.3556268875E-11
           HessRho_EigVals = -3.2306818040E+05 -3.2306527909E+05 -3.2306355817E+05
           HessRho_EigVec1 =  0.0000000000E+00  1.0000000000E+00  0.0000000000E+00
           HessRho_EigVec2 =  9.8860936615E-01  0.0000000000E+00  1.5050422306E-01
           HessRho_EigVec3 = -1.5050422306E-01  0.0000000000E+00  9.8860936615E-01
           DelSqRho = -9.6919701767E+05
           Bond Ellipticity = NA
           V = -2.4231650739E+05
           G =  8.6264855111E+00
           K =  2.4230788090E+05
           L =  2.4229925442E+05
           Vnuc =  2.4339981471E+06
           Ven = -2.9739517404E+08
           Vrep =  2.9715285753E+08
           DelSqV =  2.3772312108E+10
           DelSqVen =  2.3590237491E+12
           DelSqVrep = -2.3352514350E+12
           DelSqG =  6.4079936707E+08
           DelSqK = -2.4413111475E+10
           Stress_EigVals = -8.0772779607E+04 -8.0772370422E+04 -8.0771357359E+04
           Stress_EigVec1 = -1.3312370393E-01  0.0000000000E+00  9.9109942965E-01
           Stress_EigVec2 =  9.9109942965E-01  0.0000000000E+00  1.3312370393E-01
           Stress_EigVec3 =  0.0000000000E+00  1.0000000000E+00  0.0000000000E+00
           -DivStress =  1.6611882206E+04  2.1098266629E-13 -9.8057984492E+03
           ESP =  -1.4712060555E+01     ESP at Nucleus =  -1.4712060560E+01
           ESPe = -5.7541497062E+01     ESPe at Nucleus = -5.7541490829E+01
           ESPn =  4.2829436507E+01     ESPn at Nucleus =  4.2829430269E+01

CP# 6      Coords =  5.95957149315077E+00 -3.64885948768186E-16  2.91011336277913E+00
           Type = (3,-3) NACP H6
           Rho =  4.2698002844E-01     Rho at Nucleus =  4.2288920008E-01
           GradRho = -6.5651992306E-14  1.3474362324E-22  1.4153608840E-13
           HessRho_EigVals = -8.6362490743E+00 -8.6278843389E+00 -7.8033477926E+00
           HessRho_EigVec1 =  9.0643274406E-01  0.0000000000E+00  4.2235018703E-01
           HessRho_EigVec2 =  0.0000000000E+00  1.0000000000E+00  0.0000000000E+00
           HessRho_EigVec3 = -4.2235018703E-01  0.0000000000E+00  9.0643274406E-01
           DelSqRho = -2.5067481206E+01
           Bond Ellipticity = NA
           V = -6.2824616638E+00
           G =  7.7956811848E-03
           K =  6.2746659826E+00
           L =  6.2668703014E+00
           Vnuc =  7.5145497056E+01
           Ven = -3.2085626470E+01
           Vrep =  2.5803164806E+01
           DelSqV =  1.6206156005E+03
           DelSqVen =  1.8837083352E+03
           DelSqVrep = -2.6309273461E+02
           DelSqG =  1.2323692405E+02
           DelSqK = -1.7438525246E+03
           Stress_EigVals = -2.1635869222E+00 -2.1622701101E+00 -1.9566046315E+00
           Stress_EigVec1 =  9.0295556813E-01  0.0000000000E+00  4.2973391998E-01
           Stress_EigVec2 =  0.0000000000E+00  1.0000000000E+00  0.0000000000E+00
           Stress_EigVec3 = -4.2973391998E-01  0.0000000000E+00  9.0295556813E-01
           -DivStress =  6.9964417343E+00 -4.5209033873E-16 -1.5310726865E+01
           ESP =  -1.0891000293E+00     ESP at Nucleus =  -1.0905556181E+00
           ESPe = -4.4748427052E+01     ESPe at Nucleus = -4.4684389573E+01
           ESPn =  4.3659327023E+01     ESPn at Nucleus =  4.3593833955E+01

CP# 7      Coords =  6.51618017920554E+00 -3.99001051193687E-16  6.94437212528401E+00
           Type = (3,-3) NACP C7
           Rho =  1.2211877655E+02     Rho at Nucleus =  1.2211877654E+02
           GradRho =  4.8415105258E-11  1.9562062213E-24 -5.9816596121E-11
           HessRho_EigVals = -3.2287434445E+05 -3.2287169532E+05 -3.2287131530E+05
           HessRho_EigVec1 =  0.0000000000E+00  1.0000000000E+00  0.0000000000E+00
           HessRho_EigVec2 =  9.7066919037E-01  0.0000000000E+00  2.4041905677E-01
           HessRho_EigVec3 = -2.4041905677E-01  0.0000000000E+00  9.7066919037E-01
           DelSqRho = -9.6861735506E+05
           Bond Ellipticity = NA
           V = -2.4217196072E+05
           G =  8.8109786728E+00
           K =  2.4216314974E+05
           L =  2.4215433877E+05
           Vnuc =  2.9959910999E+07
           Ven = -3.6586676767E+09
           Vrep =  3.6584255047E+09
           DelSqV =  2.3758095273E+10
           DelSqVen =  2.9019705704E+13
           DelSqVrep = -2.8995951803E+13
           DelSqG =  6.4037402288E+08
           DelSqK = -2.4398469296E+10
           Stress_EigVals = -8.0724371167E+04 -8.0724259355E+04 -8.0723330201E+04
           Stress_EigVec1 = -2.6573645250E-01  0.0000000000E+00  9.6404571355E-01
           Stress_EigVec2 =  9.6404571355E-01  0.0000000000E+00  2.6573645250E-01
           Stress_EigVec3 =  0.0000000000E+00  1.0000000000E+00  0.0000000000E+00
           -DivStress =  1.3710815257E+03  6.0703377681E-13  7.5017984128E+02
           ESP =  -1.4734013397E+01     ESP at Nucleus =  -1.4734013396E+01
           ESPe = -5.0503273303E+01     ESPe at Nucleus = -5.0503272629E+01
           ESPn =  3.5769259905E+01     ESPn at Nucleus =  3.5769259233E+01

CP# 8      Coords =  8.52762194794490E+00 -5.22142030072005E-16  6.81405806368787E+00
           Type = (3,-3) NACP H8
           Rho =  4.3368854215E-01     Rho at Nucleus =  4.3007363940E-01
           GradRho = -6.7180202373E-14 -1.5200789860E-27  1.2993078835E-15
           HessRho_EigVals = -8.7944429313E+00 -8.7877697746E+00 -8.0337281232E+00
           HessRho_EigVec1 =  6.5745048137E-02  0.0000000000E+00  9.9783645386E-01
           HessRho_EigVec2 =  0.0000000000E+00  1.0000000000E+00  0.0000000000E+00
           HessRho_EigVec3 =  9.9783645386E-01  0.0000000000E+00 -6.5745048137E-02
           DelSqRho = -2.5615940829E+01
           Bond Ellipticity = NA
           V = -6.4174532513E+00
           G =  6.7340220123E-03
           K =  6.4107192293E+00
           L =  6.4039852073E+00
           Vnuc =  6.6323523482E+01
           Ven = -2.8763752209E+01
           Vrep =  2.2346298958E+01
           DelSqV =  1.6635582051E+03
           DelSqVen =  1.6989394531E+03
           DelSqVrep = -3.5381247992E+01
           DelSqG =  1.2659089675E+02
           DelSqK = -1.7901491018E+03
           Stress_EigVals = -2.2034731583E+00 -2.2033697341E+00 -2.0106103589E+00
           Stress_EigVec1 =  0.0000000000E+00  1.0000000000E+00  0.0000000000E+00
           Stress_EigVec2 =  6.6193923645E-02  0.0000000000E+00  9.9780677712E-01
           Stress_EigVec3 =  9.9780677712E-01  0.0000000000E+00 -6.6193923645E-02
           -DivStress =  1.5946120732E+01 -1.0053278067E-15 -1.0842326468E+00
           ESP =  -1.0701260404E+00     ESP at Nucleus =  -1.0714350710E+00
           ESPe = -3.3501273926E+01     ESPe at Nucleus = -3.3387517067E+01
           ESPn =  3.2431147885E+01     ESPn at Nucleus =  3.2316081996E+01

CP# 9      Coords =  5.30166798976533E+00 -3.24633601987156E-16  9.22450578997218E+00
           Type = (3,-3) NACP C9
           Rho =  1.2215420489E+02     Rho at Nucleus =  1.2215420485E+02
           GradRho = -2.9663575762E-10  4.4513563226E-25  4.2610359685E-12
           HessRho_EigVals = -3.2298537933E+05 -3.2298225406E+05 -3.2298158200E+05
           HessRho_EigVec1 =  0.0000000000E+00  1.0000000000E+00  0.0000000000E+00
           HessRho_EigVec2 =  8.0768938329E-01  0.0000000000E+00  5.8960822597E-01
           HessRho_EigVec3 = -5.8960822597E-01  0.0000000000E+00  8.0768938329E-01
           DelSqRho = -9.6894921540E+05
           Bond Ellipticity = NA
           V = -2.4225475894E+05
           G =  8.7275457564E+00
           K =  2.4224603140E+05
           L =  2.4223730385E+05
           Vnuc =  1.2128783382E+07
           Ven = -1.4815818904E+09
           Vrep =  1.4813396356E+09
           DelSqV =  2.3766248464E+10
           DelSqVen =  1.1752171373E+13
           DelSqVrep = -1.1728406435E+13
           DelSqG =  6.4062736194E+08
           DelSqK = -2.4406875826E+10
           Stress_EigVals = -8.0752064741E+04 -8.0751868209E+04 -8.0750825991E+04
           Stress_EigVec1 = -5.7991549162E-01  0.0000000000E+00  8.1467663682E-01
           Stress_EigVec2 =  8.1467663682E-01  0.0000000000E+00  5.7991549162E-01
           Stress_EigVec3 =  0.0000000000E+00  1.0000000000E+00  0.0000000000E+00
           -DivStress =  3.4455563917E+03  2.7725347856E-13 -1.7602416639E+03
           ESP =  -1.4720184483E+01     ESP at Nucleus =  -1.4720184484E+01
           ESPe = -4.9273069696E+01     ESPe at Nucleus = -4.9273069316E+01
           ESPn =  3.4552885213E+01     ESPn at Nucleus =  3.4552884833E+01

CP# 10     Coords =  6.32960143584018E+00 -3.87567074454599E-16  1.09641182610738E+01
           Type = (3,-3) NACP H10
           Rho =  4.3425737069E-01     Rho at Nucleus =  4.3070553356E-01
           GradRho = -1.0824674490E-15 -1.2943645525E-29 -3.0090947095E-15
           HessRho_EigVals = -8.8056940702E+00 -8.8002116160E+00 -8.0537317858E+00
           HessRho_EigVec1 =  8.5843009606E-01  0.0000000000E+00 -5.1293057052E-01
           HessRho_EigVec2 =  0.0000000000E+00  1.0000000000E+00  0.0000000000E+00
           HessRho_EigVec3 =  5.1293057052E-01  0.0000000000E+00  8.5843009606E-01
           DelSqRho = -2.5659637472E+01
           Bond Ellipticity = NA
           V = -6.4281569656E+00
           G =  6.6237988195E-03
           K =  6.4215331668E+00
           L =  6.4149093680E+00
           Vnuc =  6.5111134653E+01
           Ven = -2.8274990137E+01
           Vrep =  2.1846833171E+01
           DelSqV =  1.6672177793E+03
           DelSqVen =  1.6707281106E+03
           DelSqVrep = -3.5103312562E+00
           DelSqG =  1.2684580744E+02
           DelSqK = -1.7940635868E+03
           Stress_EigVals = -2.2062770720E+00 -2.2060041315E+00 -2.0158757621E+00
           Stress_EigVec1 =  8.5845324879E-01  0.0000000000E+00 -5.1289182060E-01
           Stress_EigVec2 =  0.0000000000E+00  1.0000000000E+00  0.0000000000E+00
           Stress_EigVec3 =  5.1289182060E-01  0.0000000000E+00  8.5845324879E-01
           -DivStress =  8.1638655315E+00 -5.1239357448E-16  1.3591328273E+01
           ESP =  -1.0608512205E+00     ESP at Nucleus =  -1.0621343364E+00
           ESPe = -3.1948690868E+01     ESPe at Nucleus = -3.1833135516E+01
           ESPn =  3.0887839647E+01     ESPn at Nucleus =  3.0771001180E+01

CP# 11     Coords =  2.65133438207149E+00 -1.62347315833989E-16  9.28047147413697E+00
           Type = (3,-3) NACP C11
           Rho =  1.2209770505E+02     Rho at Nucleus =  1.2209770505E+02
