AIMSum (Version 19.10.12, Professional)
Copyright (c) 1997-2019 by Todd A. Keith
AIMSum is a component of the AIMAll package ( http://aim.tkgristmill.com )

TP:  64-bit Linux

Much of the Quantum Theory of Atoms in Molecules (QTAIM) is described in the book:
  "Atoms in Molecules - A Quantum Theory"
  R.F.W. Bader, Oxford University Press, Oxford, 1990

For additional references see:  http://aim.tkgristmill.com/references.html

Wfx File:  /home/vallet/Bent-Uranyl/uo2_2cl/bent/geom-pbe0-d3-gp/QTAIM/gs-uo2_cl2.pbe0-d3.QTAIM.wfx
Sum File:  /home/vallet/Bent-Uranyl/uo2_2cl/bent/geom-pbe0-d3-gp/QTAIM/gs-uo2_cl2.pbe0-d3.QTAIM.sum

SumViz File:  /home/vallet/Bent-Uranyl/uo2_2cl/bent/geom-pbe0-d3-gp/QTAIM/gs-uo2_cl2.pbe0-d3.QTAIM.sumviz

Wfx Title:   [UO2Cl4]2- - PBE0+D3BJ - GS                                                   
 
Specified number of ECP-modeled core electrons in wfx file =     60
Integrated number of ECP-modeled core electrons from EDF data in wfx file =  6.0000000000E+01
 
Total memory allocated for AIMSum =        0.517 Megabytes

Atomic units (a.u.) used throughout, except where stated otherwise

Model:  Restricted SCF
 
Restricted, closed-shell, single-determinant wavefunction.
  Number of electrons (from MO Occs)                   =          82.0000000000
  Number of Alpha electrons (from MO Occs)             =          41.0000000000
  Number of Beta electrons (from MO Occs)              =          41.0000000000
  Number of electron pairs (N*(N-1)/2)                 =        3321.0000000000
  Number of electron pairs (from Muller 2EDM)          =        3321.0000000000
 
Number of ECP-modeled core electrons based on atomic numbers and nuclear charges
specified in the wavefunction file = 60       
Number of ECP-modeled core electrons specified in the wavefunction file = 60       
 
The wavefunction file contains additional electron density function data to represent
the electron density distribution of ECP-modeled core electrons.  Note that only
"non-core-sensitive" properties that are expressible in terms of the electron density
distribution include contributions from these additional core density distributions.
 
Nuclear Charges and Cartesian Coordinates:
-------------------------------------------------------------------------------
Atom      Charge                X                  Y                  Z
-------------------------------------------------------------------------------
U1        92.0           3.6977854932E-30   5.1207791952E-30   6.2241503830E-01
O2         8.0           3.1554436209E-30   3.2533779642E+00   1.0031581807E+00
O3         8.0          -3.9842389103E-16  -3.2533779642E+00   1.0031581807E+00
Cl4       17.0           3.8372323525E+00  -2.3496271590E-16  -2.1562563063E+00
Cl5       17.0          -3.8372323525E+00   7.0488814771E-16  -2.1562563063E+00
 
Some Atomic Properties:
----------------------
  q(A) = Net Charge of Atom A
  L(A) = Lagrangian of Atom A = -(1/4) Times Atomic Integral of the Laplacian of the Electron Density
  K(A) = Electronic Kinetic Energy of Atom A (Hamiltonian Form)
  K_Scaled(A) = K(A) * E(Mol)/K(Mol) = Approximation to Virial-Based Total Energy of Atom A.
  |Mu_Intra(A)| = Magnitude of Intraatomic Dipole Moment of Atom A
--------------------------------------------------------------------------------------------------
Atom A          q(A)              L(A)              K(A)          K_Scaled(A)      |Mu_Intra(A)|
--------------------------------------------------------------------------------------------------
U1        2.9007647870E+00  4.8662318931E-03  1.4831947555E+02 -1.8836514879E+02  7.1860715076E-02
O2       -8.6422138700E-01  3.1762702429E-05  7.5445827230E+01 -9.5815902929E+01  1.9554497814E-01
O3       -8.6422642120E-01  2.9643604439E-05  7.5445828700E+01 -9.5815904796E+01  1.9557738517E-01
Cl4      -5.8599996500E-01  6.3592551311E-06  4.5970566210E+02 -5.8382437720E+02  4.1432823956E-01
Cl5      -5.8599853200E-01  6.3615388531E-06  4.5970566433E+02 -5.8382438005E+02  4.1432652042E-01
--------------------------------------------------------------------------------------------------
Total     3.1848180000E-04  4.9403589940E-03  1.2186224579E+03 -1.5476457138E+03
 
1st Largest |L(A)| = 4.8662318931E-03, atom U1      
2nd Largest |L(A)| = 3.1762702429E-05, atom O2      
 
Note.  Potentially significant integration error for the following atom:  U1      
 
Molecular charge q(Mol) from the wfx file:   0.0000000000E+00
Molecular energy E(Mol) from the wfx file:  -1.5476456514E+03
Molecular virial ratio (-V(Mol)/T(Mol)) from the wfx file:   2.2699960547E+00
Note.  K_Scaled(A) = (1+V(Mol)/T(Mol))*K(A) = (E(Mol)/T(Mol))*K(A)
       Only use K_Scaled(A) data with caution.
 
Note.  Potentially significant cumulative integration error.
 
N_AIMInt(SumA)     =        141.999682
N_Analytic(Mol)    =         82.000000
 
G_AIMInt(SumA)     =       1218.617518
G_Analytic(Mol)    =       1218.622409
 
K_AIMInt(SumA)     =       1218.622458
K_Analytic(Mol)    =       1218.622409
 
L_AIMInt(SumA)     =          0.004940
L_Analytic(Mol)    =          0.000000
 
VenT_AIMInt(SumA)  =      -4659.551052
VenT_Analytic(Mol) =      -4659.557689
 
Some Information About the Atomic Calculations:
----------------------------------------------
  Time(sec) = "Elapsed User Time", in Seconds, for Atom A by AIMInt and, if used, by TWOe
  NProc = Number of Processors Used for AIMInt Job
  BIM = Basin Integration Method
  OAQ = Angular Quadrature Outside of Beta Sphere
  ORQ = Multiple of Default for Radial Quadrature Outside of Beta Sphere
  IAQ = Multiple of Default for Angular Quadrature Inside of Beta Sphere
  IRQ = Multiple of Default for Radial Quadrature Inside of Beta Sphere
  MIR = Maximum Integration Radius
------------------------------------------------------------------------------------------------------
Atom A     Time(sec)   NProc      BIM          OAQ                     ORQ      IAQ      IRQ      MIR
------------------------------------------------------------------------------------------------------
U1            122        1     Proaim(5)    9000(GS9)                  1.00     1.00     1.00    13.00
O2             40        1     Proaim(5)    2700(GS4)                  1.00     1.00     1.00    13.00
O3             38        1     Proaim(5)    2700(GS4)                  1.00     1.00     1.00    13.00
Cl4            55        1     Proaim(5)    3150(GS4)                  1.00     1.00     1.00    13.00
Cl5            53        1     Proaim(5)    3150(GS4)                  1.00     1.00     1.00    13.00
------------------------------------------------------------------------------------------------------
Total         308
Note:  Total wall clock time is less than total of atomic times if more than one atom
       was calculated at a time
 
Electron Density Critical Point Analysis of Molecular Structure:               
---------------------------------------------------------------                
  NACP = Nuclear Attractor Critical Point                                      
  NNACP = Non-Nuclear Attractor Critical Point                                 
  BCP = Bond Critical Point                                                    
  RCP = Ring Critical Point                                                    
  CCP = Cage Critical Point                                                    
  Rho = Electron Density                                                       
  GradRho = Gradient of Electron Density                                       
  HessRho_EigVals = Eigenvalues of the Hessian of Rho, Ascending Order         
  HessRho_EigVecs = Eigenvectors of the Hessian of Rho                         
  DelSqRho = Laplacian of Rho = Trace of Hessian of Rho                        
  Bond Ellipticity = (HessRho_EigVal(1) / HessRho_EigVal(2)) - 1               
  V = Virial Field = Potential Energy Density = Trace of Stress Tensor         
  G = Lagrangian Form of Kinetic Energy Density                                
  K = Hamiltonian Form of Kinetic Energy Density                               
  L = K - G = Lagrangian Density = (-1/4)DelSqRho                              
  Vnuc = Electrostatic Potential from Nuclei                                   
  Ven = Electron-nuclear attractive contribution to Virial Field V             
  Vrep = V - Ven = Repulsive contribution to Virial Field V                    
  DelSqV = Laplacian of V                                                      
  DelSqVen = Laplacian of Ven                                                  
  DelSqVrep = Laplacian of Vrep                                                
  DelSqG = Laplacian of G                                                      
  DelSqK = Laplacian of K                                                      
  Stress_EigVals = Eigenvalues of Stress Tensor, Ascending Order               
  Stress_EigVecs = Eigenvectors of Stress Tensor                               
  -DivStress = Ehrenfest Force Density = Minus Divergence of Stress Tensor     
  ESP = Total Electrostatic Potential                                          
  ESPe = Electrostatic Potential from Electrons                                
  ESPn = Electrostatic Potential from Nuclei                                   
  BP = Bond Path                                                               
  BPL = Bond Path Length                                                       
  GBL = Geometric Bond Length                                                  
  GBL_I = Distance Between Nuclear Attractors                                  
  GBL_II = Distance Between Nuclei                                             
  GBL_III = Sum of Distances Between BCP and Nuclear Attractors                
  GBL_IV = Sum of Distances Between BCP and Nuclei                             

CP# 1      Coords =  3.71280921756316E-30  5.13664590302808E-30  6.22415038299399E-01
           Type = (3,-3) NACP U1
           Rho =  1.8048579998E+07     Rho at Nucleus =  1.8048579998E+07
           GradRho = -5.8285325168E-18 -4.5127505987E-17  1.1507663751E-02
           HessRho_EigVals = -8.2401238760E+14 -8.2401238760E+14 -8.2401238760E+14
           HessRho_EigVec1 =  0.0000000000E+00  1.0000000000E+00  0.0000000000E+00
           HessRho_EigVec2 =  0.0000000000E+00  0.0000000000E+00  1.0000000000E+00
           HessRho_EigVec3 =  1.0000000000E+00  0.0000000000E+00  0.0000000000E+00
           DelSqRho = -2.4720371628E+15
           Bond Ellipticity = NA
           V = -6.7822421964E+03
           G =  1.4647685852E+03
           K =  5.3174736112E+03
           L =  6.1800929070E+14
           Vnuc =  9.2000000121E+09
           Ven = -1.6604693620E+17
           Vrep =  1.6604693620E+17
           DelSqV =  5.3350308979E+08
           DelSqVen =  4.9814081022E+33
           DelSqVrep = -4.9814081022E+33
           DelSqG =  4.4203928827E+07
           DelSqK = -5.7770701862E+08
           Stress_EigVals = -2.2661750316E+03 -2.2618852447E+03 -2.2541819202E+03
           Stress_EigVec1 =  1.0000000000E+00  0.0000000000E+00  0.0000000000E+00
           Stress_EigVec2 =  0.0000000000E+00  0.0000000000E+00  1.0000000000E+00
           Stress_EigVec3 =  0.0000000000E+00  1.0000000000E+00  0.0000000000E+00
           -DivStress =  3.6290292050E-14 -5.7462487696E-15  1.6566301323E+03
           ESP =  -8.2743473788E+02     ESP at Nucleus =  -8.2743473788E+02
           ESPe = -8.3949591445E+02     ESPe at Nucleus = -8.3949591445E+02
           ESPn =  1.2061176563E+01     ESPn at Nucleus =  1.2061176563E+01

CP# 2      Coords = -1.42404883775069E-24  3.25337494304229E+00  1.00315790627963E+00
           Type = (3,-3) NACP O2
           Rho =  3.0245533904E+02     Rho at Nucleus =  3.0245533211E+02
           GradRho =  8.2792947049E-19  2.7911384307E-10 -7.5814576848E-11
           HessRho_EigVals = -1.5070595361E+06 -1.5070586663E+06 -1.5070565325E+06
           HessRho_EigVec1 =  0.0000000000E+00  2.0430640238E-01  9.7890698943E-01
           HessRho_EigVec2 =  1.0000000000E+00  0.0000000000E+00  0.0000000000E+00
           HessRho_EigVec3 =  0.0000000000E+00  9.7890698943E-01 -2.0430640238E-01
           DelSqRho = -4.5211747350E+06
           Bond Ellipticity = NA
           V = -1.1304399609E+06
           G =  7.3138583995E+01
           K =  1.1303668223E+06
           L =  1.1302936837E+06
           Vnuc =  2.6371305682E+06
           Ven = -7.9761422009E+08
           Vrep =  7.9648378013E+08
           DelSqV =  2.2030868193E+11
           DelSqVen =  1.1922928108E+13
           DelSqVrep = -1.1702619426E+13
           DelSqG =  5.6338632897E+09
           DelSqK = -2.2594254522E+11
           Stress_EigVals = -3.7681364594E+05 -3.7681326558E+05 -3.7681304940E+05
           Stress_EigVec1 =  0.0000000000E+00  9.6807860919E-01 -2.5064677623E-01
           Stress_EigVec2 =  1.0000000000E+00  0.0000000000E+00  0.0000000000E+00
           Stress_EigVec3 =  0.0000000000E+00  2.5064677623E-01  9.6807860919E-01
           -DivStress =  9.9814303322E-14  2.1923285785E+05  1.9906658952E+04
           ESP =  -2.2293747505E+01     ESP at Nucleus =  -2.2293747543E+01
           ESPe = -5.7333212329E+01     ESPe at Nucleus = -5.7333184059E+01
           ESPn =  3.5039464825E+01     ESPn at Nucleus =  3.5039436516E+01

CP# 3      Coords = -3.98424010927651E-16 -3.25337494304229E+00  1.00315790627963E+00
           Type = (3,-3) NACP O3
           Rho =  3.0245533904E+02     Rho at Nucleus =  3.0245533211E+02
           GradRho = -1.1153457850E-18 -2.7910995729E-10 -7.5815909116E-11
           HessRho_EigVals = -1.5070595361E+06 -1.5070586663E+06 -1.5070565325E+06
           HessRho_EigVec1 =  0.0000000000E+00 -2.0430640236E-01  9.7890698943E-01
           HessRho_EigVec2 =  1.0000000000E+00  0.0000000000E+00  0.0000000000E+00
           HessRho_EigVec3 =  0.0000000000E+00  9.7890698943E-01  2.0430640236E-01
           DelSqRho = -4.5211747350E+06
           Bond Ellipticity = NA
           V = -1.1304399609E+06
           G =  7.3138583995E+01
           K =  1.1303668223E+06
           L =  1.1302936837E+06
           Vnuc =  2.6371305682E+06
           Ven = -7.9761422009E+08
           Vrep =  7.9648378013E+08
           DelSqV =  2.2030868193E+11
           DelSqVen =  1.1922928108E+13
           DelSqVrep = -1.1702619426E+13
           DelSqG =  5.6338632897E+09
           DelSqK = -2.2594254522E+11
           Stress_EigVals = -3.7681364594E+05 -3.7681326558E+05 -3.7681304940E+05
           Stress_EigVec1 =  0.0000000000E+00  9.6807860918E-01  2.5064677625E-01
           Stress_EigVec2 =  1.0000000000E+00  0.0000000000E+00  0.0000000000E+00
           Stress_EigVec3 =  0.0000000000E+00 -2.5064677625E-01  9.6807860918E-01
           -DivStress =  8.3829973833E-12 -2.1923285785E+05  1.9906658952E+04
           ESP =  -2.2293747505E+01     ESP at Nucleus =  -2.2293747543E+01
           ESPe = -5.7333212329E+01     ESPe at Nucleus = -5.7333184059E+01
           ESPn =  3.5039464825E+01     ESPn at Nucleus =  3.5039436516E+01

CP# 4      Coords =  3.83723213155580E+00 -2.34962715134251E-16 -2.15625613347502E+00
           Type = (3,-3) NACP Cl4
           Rho =  3.1027047479E+03     Rho at Nucleus =  3.1027047459E+03
           GradRho = -3.9155527709E-09  2.5690540549E-19 -1.0748193446E-08
           HessRho_EigVals = -5.2476205124E+07 -5.2476179339E+07 -5.2476095094E+07
           HessRho_EigVec1 =  8.9022070076E-01  0.0000000000E+00 -4.5552947647E-01
           HessRho_EigVec2 =  4.5552947647E-01  0.0000000000E+00  8.9022070076E-01
           HessRho_EigVec3 =  0.0000000000E+00  1.0000000000E+00  0.0000000000E+00
           DelSqRho = -1.5742847956E+08
           Bond Ellipticity = NA
           V = -3.9385702532E+07
           G =  1.4291321180E+04
           K =  3.9371411211E+07
           L =  3.9357119889E+07
           Vnuc =  6.0601494513E+07
           Ven = -1.8802854476E+11
           Vrep =  1.8798915905E+11
           DelSqV =  1.9947121663E+13
           DelSqVen =  9.5404001843E+15
           DelSqVrep = -9.5204531968E+15
           DelSqG =  6.6617048716E+11
           DelSqK = -2.0613292150E+13
           Stress_EigVals = -1.3128583858E+07 -1.3128562734E+07 -1.3128555939E+07
           Stress_EigVec1 =  0.0000000000E+00  1.0000000000E+00  0.0000000000E+00
           Stress_EigVec2 =  4.6268231090E-01  0.0000000000E+00  8.8652415600E-01
           Stress_EigVec3 =  8.8652415600E-01  0.0000000000E+00 -4.6268231090E-01
           -DivStress =  1.4430500237E+06 -4.7673871305E-12 -1.1286172739E+06
           ESP =  -6.4444437233E+01     ESP at Nucleus =  -6.4444437235E+01
           ESPe = -8.8771801041E+01     ESPe at Nucleus = -8.8771799724E+01
           ESPn =  2.4327363808E+01     ESPn at Nucleus =  2.4327362489E+01

CP# 5      Coords = -3.83723213155580E+00  7.04888145357250E-16 -2.15625613347502E+00
           Type = (3,-3) NACP Cl5
           Rho =  3.1027047479E+03     Rho at Nucleus =  3.1027047459E+03
           GradRho =  3.9155589882E-09 -1.8593240762E-24 -1.0748190782E-08
           HessRho_EigVals = -5.2476205124E+07 -5.2476179339E+07 -5.2476095094E+07
           HessRho_EigVec1 =  8.9022070086E-01  0.0000000000E+00  4.5552947628E-01
           HessRho_EigVec2 = -4.5552947628E-01  0.0000000000E+00  8.9022070086E-01
           HessRho_EigVec3 =  0.0000000000E+00  1.0000000000E+00  0.0000000000E+00
           DelSqRho = -1.5742847956E+08
           Bond Ellipticity = NA
           V = -3.9385702532E+07
           G =  1.4291321180E+04
           K =  3.9371411211E+07
           L =  3.9357119889E+07
           Vnuc =  6.0601494513E+07
           Ven = -1.8802854476E+11
           Vrep =  1.8798915905E+11
           DelSqV =  1.9947121663E+13
           DelSqVen =  9.5404001843E+15
           DelSqVrep = -9.5204531297E+15
           DelSqG =  6.6617048716E+11
           DelSqK = -2.0613292150E+13
           Stress_EigVals = -1.3128583858E+07 -1.3128562734E+07 -1.3128555939E+07
           Stress_EigVec1 =  0.0000000000E+00  1.0000000000E+00  0.0000000000E+00
           Stress_EigVec2 = -4.6268231109E-01  0.0000000000E+00  8.8652415591E-01
           Stress_EigVec3 =  8.8652415591E-01  0.0000000000E+00  4.6268231109E-01
           -DivStress = -1.4430500237E+06  1.4577908955E-11 -1.1286172739E+06
           ESP =  -6.4444437233E+01     ESP at Nucleus =  -6.4444437235E+01
           ESPe = -8.8771801041E+01     ESPe at Nucleus = -8.8771799724E+01
           ESPn =  2.4327363808E+01     ESPn at Nucleus =  2.4327362489E+01

CP# 6      Coords = -6.54503084183868E-20  1.79246502540907E+00  8.22498903361013E-01
           Type = (3,-1) BCP O2 U1
           Rho =  3.4060124295E-01
           GradRho =  5.8585731940E-19 -2.9299039052E-16 -7.1364855147E-17
           HessRho_EigVals = -6.5010265951E-01 -6.4849131236E-01  1.5390817447E+00
           HessRho_EigVec1 =  0.0000000000E+00 -1.3058572380E-01  9.9143702207E-01
           HessRho_EigVec2 =  1.0000000000E+00  0.0000000000E+00  0.0000000000E+00
           HessRho_EigVec3 =  0.0000000000E+00  9.9143702207E-01  1.3058572380E-01
           DelSqRho =  2.4048777284E-01
           Bond Ellipticity =  2.4847628860E-03
           V = -7.4601592725E-01
           G =  4.0305142558E-01
           K =  3.4296450168E-01
           L = -6.0121943211E-02
           Vnuc =  6.4594655295E+01
           Ven = -2.2001019882E+01
           Vrep =  2.1255003954E+01
           DelSqV = -4.8699692779E+00
           DelSqVen = -1.5534224789E+01
           DelSqVrep =  1.0664255512E+01
           DelSqG =  3.5080471004E+00
           DelSqK =  1.3619221774E+00
           Stress_EigVals = -3.8633342220E-01 -3.8558363189E-01  2.5901126840E-02
           Stress_EigVec1 =  1.0000000000E+00  0.0000000000E+00  0.0000000000E+00
           Stress_EigVec2 =  0.0000000000E+00 -1.2028827315E-01  9.9273900464E-01
           Stress_EigVec3 =  0.0000000000E+00  9.9273900464E-01  1.2028827315E-01
           -DivStress =  3.1044823647E-19 -5.5575569548E-01 -5.5970188665E-02
           ESP =   1.3052462236E+00
           ESPe = -6.3289409071E+01
           ESPn =  6.4594655295E+01
           BPL =  3.2770647163E+00 =  1.4720647163E+00 +  1.8050000000E+00                
           GBL_I =  3.2762966654E+00                                                      
           GBL_II =  3.2755814016E+00                                                     
           GBL_III =  3.2763539474E+00 =  1.4720378605E+00 +  1.8043160869E+00            
           GBL_IV =  3.2756385252E+00 =  1.4720408926E+00 +  1.8035976326E+00             

CP# 7      Coords = -1.76899603448888E-16 -1.79246502540907E+00  8.22498903361013E-01
           Type = (3,-1) BCP U1 O3
           Rho =  3.4060124295E-01
           GradRho = -1.1186912526E-19  4.3176826860E-16 -8.5242642955E-17
           HessRho_EigVals = -6.5010265951E-01 -6.4849131236E-01  1.5390817447E+00
           HessRho_EigVec1 =  0.0000000000E+00  1.3058572380E-01  9.9143702207E-01
           HessRho_EigVec2 =  1.0000000000E+00  0.0000000000E+00  0.0000000000E+00
           HessRho_EigVec3 =  0.0000000000E+00  9.9143702207E-01 -1.3058572380E-01
           DelSqRho =  2.4048777284E-01
           Bond Ellipticity =  2.4847628860E-03
           V = -7.4601592725E-01
           G =  4.0305142558E-01
           K =  3.4296450168E-01
           L = -6.0121943211E-02
           Vnuc =  6.4594655295E+01
           Ven = -2.2001019882E+01
           Vrep =  2.1255003954E+01
           DelSqV = -4.8699692779E+00
           DelSqVen = -1.5534224789E+01
           DelSqVrep =  1.0664255512E+01
           DelSqG =  3.5080471004E+00
           DelSqK =  1.3619221774E+00
           Stress_EigVals = -3.8633342220E-01 -3.8558363189E-01  2.5901126840E-02
           Stress_EigVec1 =  1.0000000000E+00  0.0000000000E+00  0.0000000000E+00
           Stress_EigVec2 =  0.0000000000E+00  1.2028827315E-01  9.9273900464E-01
           Stress_EigVec3 =  0.0000000000E+00  9.9273900464E-01 -1.2028827315E-01
           -DivStress =  8.4642936500E-17  5.5575569548E-01 -5.5970188665E-02
           ESP =   1.3052462236E+00
           ESPe = -6.3289409071E+01
           ESPn =  6.4594655295E+01
           BPL =  3.2770647163E+00 =  1.8050000000E+00 +  1.4720647163E+00                
           GBL_I =  3.2762966654E+00                                                      
           GBL_II =  3.2755814016E+00                                                     
           GBL_III =  3.2763539474E+00 =  1.8043160869E+00 +  1.4720378605E+00            
           GBL_IV =  3.2756385252E+00 =  1.8035976326E+00 +  1.4720408926E+00             

CP# 8      Coords =  1.96708362694379E+00 -1.12174235925945E-16 -8.05780078155979E-01
           Type = (3,-1) BCP Cl4 U1
           Rho =  8.9053048703E-02
           GradRho = -1.0332229031E-14 -1.4604299363E-19  8.4639912889E-15
           HessRho_EigVals = -8.7788776623E-02 -8.4460335043E-02  3.5320804938E-01
           HessRho_EigVec1 =  5.8623958948E-01  0.0000000000E+00  8.1013773133E-01
           HessRho_EigVec2 =  0.0000000000E+00  1.0000000000E+00  0.0000000000E+00
           HessRho_EigVec3 =  8.1013773133E-01  0.0000000000E+00 -5.8623958948E-01
           DelSqRho =  1.8095893772E-01
           Bond Ellipticity =  3.9408339765E-02
           V = -1.0063125787E-01
           G =  7.2935495877E-02
           K =  2.7695761988E-02
           L = -4.5239734429E-02
           Vnuc =  5.1868924882E+01
           Ven = -4.6190858937E+00
           Vrep =  4.5184546358E+00
           DelSqV = -4.7626738584E-01
           DelSqVen = -9.3861455471E+00
           DelSqVrep =  8.9098781613E+00
           DelSqG =  3.1327687140E-01
           DelSqK =  1.6299051444E-01
           Stress_EigVals = -4.9923577024E-02 -4.5220142696E-02 -5.4875381452E-03
           Stress_EigVec1 =  0.0000000000E+00  1.0000000000E+00  0.0000000000E+00
           Stress_EigVec2 =  5.8638112908E-01  0.0000000000E+00  8.1003529026E-01
           Stress_EigVec3 =  8.1003529026E-01  0.0000000000E+00 -5.8638112908E-01
           -DivStress = -3.4658299862E-02  2.7614573192E-18  2.5343670090E-02
           ESP =   4.8577363203E-01
           ESPe = -5.1383151250E+01
           ESPn =  5.1868924882E+01
           BPL =  4.7377816699E+00 =  2.3067816699E+00 +  2.4310000000E+00                
           GBL_I =  4.7377743258E+00                                                      
           GBL_II =  4.7376541208E+00                                                     
           GBL_III =  4.7377782492E+00 =  2.3067815253E+00 +  2.4309967239E+00            
           GBL_IV =  4.7376580439E+00 =  2.3067818056E+00 +  2.4308762383E+00             

CP# 9      Coords = -1.96708362694379E+00  3.54441481198070E-16 -8.05780078155979E-01
           Type = (3,-1) BCP U1 Cl5
           Rho =  8.9053048703E-02
           GradRho =  1.0289728306E-14 -2.8883991866E-19  8.4206232021E-15
           HessRho_EigVals = -8.7788776623E-02 -8.4460335043E-02  3.5320804938E-01
           HessRho_EigVec1 = -5.8623958948E-01  0.0000000000E+00  8.1013773133E-01
           HessRho_EigVec2 =  0.0000000000E+00  1.0000000000E+00  0.0000000000E+00
           HessRho_EigVec3 =  8.1013773133E-01  0.0000000000E+00  5.8623958948E-01
           DelSqRho =  1.8095893772E-01
           Bond Ellipticity =  3.9408339765E-02
           V = -1.0063125787E-01
           G =  7.2935495877E-02
           K =  2.7695761988E-02
           L = -4.5239734429E-02
           Vnuc =  5.1868924882E+01
           Ven = -4.6190858937E+00
           Vrep =  4.5184546358E+00
           DelSqV = -4.7626738584E-01
           DelSqVen = -9.3861455471E+00
           DelSqVrep =  8.9098781613E+00
           DelSqG =  3.1327687140E-01
           DelSqK =  1.6299051444E-01
           Stress_EigVals = -4.9923577024E-02 -4.5220142696E-02 -5.4875381452E-03
           Stress_EigVec1 =  0.0000000000E+00  1.0000000000E+00  0.0000000000E+00
           Stress_EigVec2 = -5.8638112908E-01  0.0000000000E+00  8.1003529026E-01
           Stress_EigVec3 =  8.1003529026E-01  0.0000000000E+00  5.8638112908E-01
           -DivStress =  3.4658299862E-02 -9.0871114101E-18  2.5343670090E-02
           ESP =   4.8577363203E-01
           ESPe = -5.1383151250E+01
           ESPn =  5.1868924882E+01
           BPL =  4.7377816699E+00 =  2.4310000000E+00 +  2.3067816699E+00                
           GBL_I =  4.7377743258E+00                                                      
           GBL_II =  4.7376541208E+00                                                     
           GBL_III =  4.7377782492E+00 =  2.4309967239E+00 +  2.3067815253E+00            
           GBL_IV =  4.7376580439E+00 =  2.4308762383E+00 +  2.3067818056E+00             

Number of NACPs  =      5
Number of NNACPs =      0
Number of BCPs   =      4
Number of RCPs   =      0
Number of CCPs   =      0
NumNACP + NumNNACP - NumBCP + NumRCP - NumCCP =      1
Poincare-Hopf Relationship is Satisfied

Bond Path Angles and Corresponding Geometric Bond Angles:
--------------------------------------------------------
  BPA     = A-B-C Bond Path Angle
  GBA_I   = A-B-C Geometric Bond Angle in Terms of Nuclear Attractors
  GBA_II  = A-B-C Geometric Bond Angle in Terms of Nuclei
  GBA_III = A-B-C Geometric Bond Angle in Terms of A|B and C|B BCPs and Nuclear Attractor B
  GBA_IV  = A-B-C Geometric Bond Angle in Terms of A|B and C|B BCPs and Nucleus B
-------------------------------------------------------------------------------------------------
Atom A    Atom B    Atom C        BPA          GBA_I         GBA_II       GBA_III       GBA_IV
-------------------------------------------------------------------------------------------------
O3        U1        O2        171.67048005  166.65116332  166.65006469  167.26320982  167.26145334
Cl4       U1        O2         92.44997152   93.90878285   93.90910325   93.73652610   93.73703966
Cl4       U1        O3         92.44997152   93.90878285   93.90910325   93.73652610   93.73703966
Cl5       U1        O2         92.44997152   93.90878285   93.90910325   93.73652610   93.73703966
Cl5       U1        O3         92.44997152   93.90878285   93.90910325   93.73652610   93.73703966
Cl5       U1        Cl4       107.88437047  108.18082380  108.18083109  108.03716825  108.03717582

Total time for electron density critical point search, analysis and connectivity = 9 sec (NProc = 4)               
 
Virial-Based Atomic Energy Components:
-------------------------------------
  Ee(A) = E(A) - W(A) = -T(A)
        = Contribution of Atom A to Electronic Energy of Molecule.
          Not additive to give molecular Ee unless molecular electronic virial theorem is satisfied.
  T(A) = Electronic Kinetic Energy of Atom A (Hamiltonian Form)
  Ven(A) = Ven(A,Mol) = VenT(A)
         = Attraction Energy Between Electron Density Distribution of Atom A and Nuclei of Molecule
  VenO(A) = Ven(A,A)
          = Attraction Energy Between Electron Density Distribution of Atom A and Nucleus of Atom A
  Vee(A) = Vee(A,A) + Vee(A,A')/2
         = Two-Electron Interaction Energy of Atom A with Itself Plus Half of Two-Electron Interaction Energy
           Between Atom A and Other Atoms of Molecule
  Vnn(A) - W(A) = Contribution of Atom A to the Nuclear Repulsion Energy of Molecule Minus
                  the Nuclear Virial of Energy-Gradient-Based Forces on Nuclei of Molecule.
                  Calculation of Vnn(A) - W(A) assumes satisfaction of the atomic virial theorem:
                       2T(A) + Ven(A) + Vee(A) + Vnn(A) - W(A) = 0
See "2EDM Note" and "DFT Note".
--------------------------------------------------------------------------------------------------------------------
Atom A         Ee(A)              T(A)             Ven(A)           VenO(A)            Vee(A)        Vnn(A) - W(A)
--------------------------------------------------------------------------------------------------------------------
U1       -1.4831947555E+02  1.4831947555E+02 -1.3865776870E+03 -1.0369789634E+03
O2       -7.5445827230E+01  7.5445827230E+01 -3.3147297817E+02 -1.8341367931E+02
O3       -7.5445828700E+01  7.5445828700E+01 -3.3147312702E+02 -1.8341369951E+02
Cl4      -4.5970566210E+02  4.5970566210E+02 -1.3050135883E+03 -1.0995062162E+03
Cl5      -4.5970566433E+02  4.5970566433E+02 -1.3050136714E+03 -1.0995062285E+03
--------------------------------------------------------------------------------------------------------------------
Total    -1.2186224579E+03  1.2186224579E+03 -4.6595510519E+03 -3.6028187869E+03
 
More Virial-Based Atomic Energy Components:
------------------------------------------
  E(A) = Ee(A) + W(A)
       = T(A) + Ven(A) + Vee(A) + Vnn(A) = Contribution of Atom A to Total Energy E of Molecule
         Not additive to give molecular E unless molecular virial theorem is satisfied.
  Ee(A) = E(A) - W(A) = Contribution of Atom A to Electronic Energy of Molecule
          Not additive to give molecular Ee unless molecular virial theorem is satisfied.
  W(A) = Contribution of Atom A to Nuclear Virial of Energy-Gradient-Based Forces on Nuclei of Molecule
  Vnn(A) = Contribution of Atom A to Nuclear Repulsion Energy of Molecule
           Calculation of Vnn(A) assumes satisfaction of the atomic virial theorem:
                2T(A) + Ven(A) + Vee(A) + Vnn(A) - W(A) = 0
  VeeC(A) = Coulomb Part of Vee(A)
  VeeX(A) = Exchange-Correlation Part of Vee(A)
See "2EDM Note" and "DFT Note".
--------------------------------------------------------------------------------------------------------------------
Atom A          E(A)             Ee(A)              W(A)             Vnn(A)           VeeC(A)           VeeX(A)
--------------------------------------------------------------------------------------------------------------------
U1                         -1.4831947555E+02
O2                         -7.5445827230E+01
O3                         -7.5445828700E+01
Cl4                        -4.5970566210E+02
Cl5                        -4.5970566433E+02
--------------------------------------------------------------------------------------------------------------------
Total                      -1.2186224579E+03
 
IQA Atomic Energy Components:
----------------------------
  E_IQA(A) = Contribution of Atom A to Total Energy E of Molecule, Using IQA Additive Atomic Energy Definition
           = T(A) + Vne(A,Mol)/2 + Ven(A,Mol)/2 + Vee(A) + Vnn(A,Mol)/2
  T(A) = Electronic Kinetic Energy of Atom A (Hamiltonian Form)
  Vne(A,Mol)/2 = Half of Attraction Energy Between Nucleus of Atom A and Electron Density Distribution of Molecule
  Ven(A,Mol)/2 = Half of Attraction Energy Between Electron Density Distribution of Atom A and Nuclei of Molecule
  Vee(A) = Vee(A,A) + Vee(A,A')/2
         = Two-Electron Interaction Energy of Atom A with Itself Plus Half of Two-Electron Interaction Energy
           Between Atom A and Other Atoms of Molecule
  Vnn(A,Mol)/2 = Vnn(A,A')/2 = Half of Repulsion Energy Between Nucleus of Atom A and Other Nuclei of Molecule
  VeeC(A) = Coulomb Part of Vee(A)
  VeeX(A) = Exchange-Correlation Part of Vee(A)
See "2EDM Note" and "DFT Note".
--------------------------------------------------------------------------------------------------------------------------------------------------------
Atom A        E_IQA(A)            T(A)          Vne(A,Mol)/2      Ven(A,Mol)/2         Vee(A)         Vnn(A,Mol)/2        VeeC(A)           VeeX(A)
--------------------------------------------------------------------------------------------------------------------------------------------------------
U1                          1.4831947555E+02 -7.2382807360E+02 -6.9328884349E+02                    1.9297882501E+02
O2                          7.5445827230E+01 -1.5606330081E+02 -1.6573648909E+02                    6.6888310633E+01
O3                          7.5445828700E+01 -1.5606330081E+02 -1.6573656351E+02                    6.6888310633E+01
Cl4                         4.5970566210E+02 -6.4691208464E+02 -6.5250679414E+02                    9.9134368135E+01
Cl5                         4.5970566433E+02 -6.4691208464E+02 -6.5250683569E+02                    9.9134368135E+01
--------------------------------------------------------------------------------------------------------------------------------------------------------
Total                       1.2186224579E+03 -2.3297788445E+03 -2.3297755259E+03                    5.2502418255E+02
 
More IQA Atomic Energy Components:
---------------------------------
  Vneen(A) = Vne(A,Mol)/2 + Ven(A,Mol)/2
  V_IQA(A) = Vne(A,Mol)/2 + Ven(A,Mol)/2 + Vee(A,A) + Vee(A,A')/2 + Vnn(A,A')/2
           = VC_IQA(A) + VX_IQA(A) = Potential Energy Contribution to E_IQA(A)
           = E_IQA(A) - T(A)
  VC_IQA(A) = Vne(A,Mol)/2 + Ven(A,Mol)/2 + VeeC(A,A) + VeeC(A,A')/2 + Vnn(A,A')/2
            = Coulomb Potential Energy Contribution to E_IQA(A)
            = E_IQA(A) - T(A) - VeeX(A)
  VX_IQA(A) = VeeX(A,A) + VeeX(A,A')/2
            = Exchange-Correlation Energy Contribution to E_IQA(A)
            = E_IQA(A) - T(A) - VC_IQA(A)
See "2EDM Note" and "DFT Note".
--------------------------------------------------------------------------------
Atom A        Vneen(A)          V_IQA(A)         VC_IQA(A)         VX_IQA(A)
--------------------------------------------------------------------------------
U1       -1.4171169171E+03
O2       -3.2179978990E+02
O3       -3.2179986432E+02
Cl4      -1.2994188788E+03
Cl5      -1.2994189203E+03
--------------------------------------------------------------------------------
Total    -4.6595543704E+03
 
IQA Intraatomic ("Self") Energy Components:
------------------------------------------
  E_IQA_Intra(A) = T(A) + Vne(A,A) + Vee(A,A)
                 = Intraatomic ("Self") Contribution to E_IQA(A)
  T(A) = Electronic Kinetic Energy of Atom A (Hamiltonian Form)
  Vne(A,A) = Attraction Energy Between Electron Density Distribution of Atom A and Nucleus of Atom A
  Vee(A,A) = Two-electron Interaction Energy of Atom A With Itself
  VeeC(A,A) = Coulomb Part of Vee(A,A)
  VeeX(A,A) = Exchange-Correlation Part of Vee(A,A)
See "2EDM Note" and "DFT Note".
--------------------------------------------------------------------------------------------------------------------
Atom A     E_IQA_Intra(A)         T(A)            Vne(A,A)          Vee(A,A)         VeeC(A,A)         VeeX(A,A)
--------------------------------------------------------------------------------------------------------------------
U1                          1.4831947555E+02 -1.0369789634E+03
O2                          7.5445827230E+01 -1.8341367931E+02
O3                          7.5445828700E+01 -1.8341369951E+02
Cl4                         4.5970566210E+02 -1.0995062162E+03
Cl5                         4.5970566433E+02 -1.0995062285E+03
--------------------------------------------------------------------------------------------------------------------
Total                       1.2186224579E+03 -3.6028187869E+03
 
IQA Atomic Contributions to Interatomic ("Interaction") Energy Components:
-------------------------------------------------------------------------
  E_IQA_Inter(A) = E_IQA_Inter(A,A')/2
                 = Vne(A,A')/2 + Ven(A,A')/2 + Vee(A,A')/2 + Vnn(A)
                 = Interatomic ("Interaction") Contribution to E_IQA(A) = E_IQA(A) - E_IQA_Intra(A)
  Vne(A,A')/2 = Half of Attraction Energy Between Nucleus of Atom A and Electron Density Distribution of Other Atoms in Molecule
              = (1/2)[Vne(A,Mol) - Vne(A,A)]
  Ven(A,A')/2 = Half of Attraction Energy Between Electron Density Distribution of Atom A and Nuclei of Other Atoms in Molecule
              = (1/2)[Ven(A,Mol) - Ven(A,A)]
  Vee(A,A')/2 = Half of Two-electron Interaction Energy Between Atom A and Other Atoms of Molecule
            = Vee(A) - Vee(A,A)
  Vnn(A) = Vnn(A,Mol)/2 = Vnn(A,A')/2 = Half of Repulsion Energy Between Nucleus of Atom A and Other Nuclei of Molecule
  VeeC(A,A')/2 = Coulomb Part of Vee(A,A')/2
  VeeX(A,A')/2 = Exchange-Correlation Part of Vee(A,A')/2
See "2EDM Note" and "DFT Note".
--------------------------------------------------------------------------------------------------------------------------------------
Atom A     E_IQA_Inter(A)      Vne(A,A')/2       Ven(A,A')/2      Vee(A,A')/2          Vnn(A)         VeeC(A,A')/2      VeeX(A,A')/2
--------------------------------------------------------------------------------------------------------------------------------------
U1                         -2.0533859187E+02 -1.7479936176E+02                    1.9297882501E+02
O2                         -6.4356461151E+01 -7.4029649430E+01                    6.6888310633E+01
O3                         -6.4356451054E+01 -7.4029713755E+01                    6.6888310633E+01
Cl4                        -9.7158976542E+01 -1.0275368604E+02                    9.9134368135E+01
Cl5                        -9.7158970392E+01 -1.0275372145E+02                    9.9134368135E+01
--------------------------------------------------------------------------------------------------------------------------------------
Total                      -5.2836945101E+02 -5.2836613244E+02                    5.2502418255E+02
 
More IQA Atomic Contributions to Interatomic ("Interaction") Energy Components:
------------------------------------------------------------------------------
  Vneen(A,A')/2 = Vne(A,A')/2 + Ven(A,A')/2
  V_IQA_Inter(A) = Vne(A,A')/2 + Ven(A,A')/2 + Vee(A,A')/2 + Vnn(A,A')/2
                 = VC_IQA_Inter(A) + VX_IQA_Inter(A)
                 = Potential Energy Contribution to E_IQA_Inter(A)
                 = E_IQA_Inter(A)
  VC_IQA_Inter(A) = Vne(A,A')/2 + Ven(A,A')/2 + VeeC(A,A')/2 + Vnn(A,A')/2
                  = Coulomb Potential Energy Contribution to E_IQA_Inter(A)
                  = E_IQA_Inter(A) - VeeX(A,A')/2
  VX_IQA_Inter(A) = VeeX(A,A')/2
