AIMSum (Version 19.10.12, Professional)
Copyright (c) 1997-2019 by Todd A. Keith
AIMSum is a component of the AIMAll package ( http://aim.tkgristmill.com )

TP:  64-bit Linux

Much of the Quantum Theory of Atoms in Molecules (QTAIM) is described in the book:
  "Atoms in Molecules - A Quantum Theory"
  R.F.W. Bader, Oxford University Press, Oxford, 1990

For additional references see:  http://aim.tkgristmill.com/references.html

Wfx File:  /home/vallet/Bent-Uranyl/uo2_2cl_2phen/uo2_2cl_2phen/bent/geom-pbe0-d3-gp/QTAIM/gs-uo2_2cl_2phen.pbe0-d3.QTAIM.wfx
Sum File:  /home/vallet/Bent-Uranyl/uo2_2cl_2phen/uo2_2cl_2phen/bent/geom-pbe0-d3-gp/QTAIM/gs-uo2_2cl_2phen.pbe0-d3.QTAIM.sum

SumViz File:  /home/vallet/Bent-Uranyl/uo2_2cl_2phen/uo2_2cl_2phen/bent/geom-pbe0-d3-gp/QTAIM/gs-uo2_2cl_2phen.pbe0-d3.QTAIM.sumviz

Wfx Title:   [UO2cl2(phen)2] - PBE0+D3BJ - GS                                              
 
Specified number of ECP-modeled core electrons in wfx file =     60
Integrated number of ECP-modeled core electrons from EDF data in wfx file =  6.0000000000E+01
 
Total memory allocated for AIMSum =        5.337 Megabytes

Atomic units (a.u.) used throughout, except where stated otherwise

Model:  Restricted SCF
 
Restricted, closed-shell, single-determinant wavefunction.
  Number of electrons (from MO Occs)                   =         270.0000000000
  Number of Alpha electrons (from MO Occs)             =         135.0000000000
  Number of Beta electrons (from MO Occs)              =         135.0000000000
  Number of electron pairs (N*(N-1)/2)                 =       36315.0000000000
  Number of electron pairs (from Muller 2EDM)          =       36315.0000000000
 
Number of ECP-modeled core electrons based on atomic numbers and nuclear charges
specified in the wavefunction file = 60       
Number of ECP-modeled core electrons specified in the wavefunction file = 60       
 
The wavefunction file contains additional electron density function data to represent
the electron density distribution of ECP-modeled core electrons.  Note that only
"non-core-sensitive" properties that are expressible in terms of the electron density
distribution include contributions from these additional core density distributions.
 
Nuclear Charges and Cartesian Coordinates:
-------------------------------------------------------------------------------
Atom      Charge                X                  Y                  Z
-------------------------------------------------------------------------------
U1        92.0          -1.5449880958E-18   7.5894152074E-19   2.2150285356E-01
O2         8.0          -1.1102230246E-16   3.2766615013E+00   7.2074043225E-01
O3         8.0          -1.1102230246E-16  -3.2766615013E+00   7.2074043225E-01
N4         7.0           2.5888307222E+00  -1.1102230246E-16   4.5740052485E+00
C5         6.0           5.0832826558E+00  -2.2204460493E-16   4.5880130311E+00
H6         1.0           5.9793323255E+00  -3.3306690739E-16   2.7455193066E+00
C7         6.0           6.5190757781E+00  -2.2204460493E-16   6.8074793064E+00
H8         1.0           8.5602843037E+00   0.0000000000E+00   6.6780521408E+00
C9         6.0           5.3014232800E+00  -2.2204460493E-16   9.0859231356E+00
H10        1.0           6.3415600168E+00  -4.4408920985E-16   1.0852353542E+01
C11        6.0           2.6512436577E+00  -1.1102230246E-16   9.1380736301E+00
C12        6.0           1.2764497497E+00  -8.3266726847E-17   1.1452426959E+01
H13        1.0           2.3284686192E+00  -1.1102230246E-16   1.3210623287E+01
C14        6.0          -1.2764497497E+00   1.9428902931E-16   1.1452426959E+01
H15        1.0          -2.3284686192E+00   3.8857805862E-16   1.3210623287E+01
C16        6.0          -2.6512436577E+00   3.8857805862E-16   9.1380736301E+00
C17        6.0          -5.3014232800E+00   9.9920072216E-16   9.0859231356E+00
H18        1.0          -6.3415600168E+00   1.1102230246E-15   1.0852353542E+01
C19        6.0          -6.5190757781E+00   1.3322676295E-15   6.8074793064E+00
H20        1.0          -8.5602843037E+00   1.5543122345E-15   6.6780521408E+00
C21        6.0          -5.0832826558E+00   8.8817841970E-16   4.5880130311E+00
H22        1.0          -5.9793323255E+00   9.9920072216E-16   2.7455193066E+00
N23        7.0          -2.5888307222E+00   4.4408920985E-16   4.5740052485E+00
C24        6.0          -1.3577478844E+00   5.5511151231E-17   6.8067922296E+00
C25        6.0           1.3577478844E+00  -2.4980018054E-16   6.8067922296E+00
Cl26      17.0           4.7202576518E+00  -3.3306690739E-16  -1.5077177478E+00
Cl27      17.0          -4.7202576518E+00   7.7715611724E-16  -1.5077177478E+00
N28        7.0          -5.5511151231E-17   2.5553001491E+00  -4.3870745062E+00
C29        6.0          -2.2204460493E-16   5.0397796305E+00  -4.3694300258E+00
H30        1.0          -2.2204460493E-16   5.9177644744E+00  -2.5199917224E+00
C31        6.0          -2.2204460493E-16   6.5029262177E+00  -6.5716561083E+00
H32        1.0          -2.2204460493E-16   8.5439025933E+00  -6.4297049802E+00
C33        6.0          -2.2204460493E-16   5.3070338858E+00  -8.8665918729E+00
H34        1.0          -2.2204460493E-16   6.3693543267E+00  -1.0619920766E+01
C35        6.0          -1.1102230246E-16   2.6582153221E+00  -8.9454119938E+00
C36        6.0           2.7755575616E-17   1.2776004057E+00  -1.1259222379E+01
H37        1.0          -5.5511151231E-17   2.3250542753E+00  -1.3020757031E+01
C38        6.0          -5.5511151231E-17  -1.2776004057E+00  -1.1259222379E+01
H39        1.0          -2.2204460493E-16  -2.3250542753E+00  -1.3020757031E+01
C40        6.0          -2.2204460493E-16  -2.6582153221E+00  -8.9454119938E+00
C41        6.0          -4.4408920985E-16  -5.3070338858E+00  -8.8665918729E+00
H42        1.0          -4.4408920985E-16  -6.3693543267E+00  -1.0619920766E+01
C43        6.0          -2.2204460493E-16  -6.5029262177E+00  -6.5716561083E+00
H44        1.0          -4.4408920985E-16  -8.5439025933E+00  -6.4297049802E+00
C45        6.0          -3.3306690739E-16  -5.0397796305E+00  -4.3694300258E+00
H46        1.0          -3.3306690739E-16  -5.9177644744E+00  -2.5199917224E+00
N47        7.0          -2.2204460493E-16  -2.5553001491E+00  -4.3870745062E+00
C48        6.0           1.1102230246E-16  -1.3564154068E+00  -6.6211529087E+00
C49        6.0           8.3266726847E-17   1.3564154068E+00  -6.6211529087E+00
 
Some Atomic Properties:
----------------------
  q(A) = Net Charge of Atom A
  L(A) = Lagrangian of Atom A = -(1/4) Times Atomic Integral of the Laplacian of the Electron Density
  K(A) = Electronic Kinetic Energy of Atom A (Hamiltonian Form)
  K_Scaled(A) = K(A) * E(Mol)/K(Mol) = Approximation to Virial-Based Total Energy of Atom A.
  |Mu_Intra(A)| = Magnitude of Intraatomic Dipole Moment of Atom A
--------------------------------------------------------------------------------------------------
Atom A          q(A)              L(A)              K(A)          K_Scaled(A)      |Mu_Intra(A)|
--------------------------------------------------------------------------------------------------
U1        2.9673250410E+00  1.0716664284E-02  1.4799113266E+02 -1.6901973108E+02  1.8859362694E-01
O2       -9.0955325450E-01  5.5308530332E-05  7.5439512070E+01 -8.6158986787E+01  1.2564416846E-01
O3       -9.0953578410E-01  7.1790461525E-05  7.5439516746E+01 -8.6158992127E+01  1.2566834480E-01
N4       -1.2310252737E+00  8.8584261279E-05  5.5118592503E+01 -6.2950593832E+01  1.1990595780E-01
C5        5.5139136840E-01  5.5193550484E-05  3.7570947524E+01 -4.2909540140E+01  7.4716430300E-01
H6        1.4759383894E-01 -2.9051947871E-05  5.6377954824E-01 -6.4388903526E-01  1.1824422383E-01
C7       -3.0713846600E-02  6.5091470541E-05  3.7904240050E+01 -4.3290191413E+01  1.5251099158E-01
H8        7.0140459360E-02  2.5662984125E-05  5.8874222124E-01 -6.7239874528E-01  1.3702593981E-01
C9       -2.5344348700E-02  7.8063392175E-05  3.7903406312E+01 -4.3289239206E+01  1.2786610151E-01
H10       6.0963110870E-02  2.1452096527E-05  5.9200622486E-01 -6.7612654306E-01  1.3952231819E-01
C11      -3.2580617000E-03 -4.9310241211E-05  3.7917422860E+01 -4.3305247417E+01  5.0831680871E-02
C12      -2.7097996100E-02 -1.1110194343E-04  3.7890607475E+01 -4.3274621736E+01  1.4318753684E-01
H13       5.4261718920E-02  2.3460673122E-05  5.9441816641E-01 -6.7888120615E-01  1.4190433233E-01
C14      -2.6886774500E-02  1.4966429818E-04  3.7890661790E+01 -4.3274683770E+01  1.4299166558E-01
H15       5.4257088810E-02  2.3876945164E-05  5.9442095950E-01 -6.7888439612E-01  1.4190437456E-01
C16      -3.5441033000E-03 -3.7801542529E-04  3.7917336848E+01 -4.3305149183E+01  5.1494614545E-02
C17      -2.5465518200E-02 -5.4897539306E-05  3.7903385522E+01 -4.3289215463E+01  1.2807212507E-01
H18       6.0960990370E-02  2.3438020382E-05  5.9200906081E-01 -6.7612978198E-01  1.3952311904E-01
C19      -3.0804766800E-02 -2.7391822792E-05  3.7904208952E+01 -4.3290155897E+01  1.5277496468E-01
H20       7.0144897970E-02  1.6361695422E-05  5.8873323777E-01 -6.7238848532E-01  1.3705704781E-01
C21       5.5123672470E-01 -1.7258951288E-04  3.7570907899E+01 -4.2909494884E+01  7.4713059345E-01
H22       1.4763004650E-01  9.3765783272E-06  5.6378615684E-01 -6.4389658290E-01  1.1826857342E-01
N23      -1.2310912734E+00 -1.3960326555E-05  5.5118572401E+01 -6.2950570874E+01  1.1994794802E-01
C24       4.9464537970E-01 -3.4962244590E-05  3.7632022432E+01 -4.2979293404E+01  5.5284577095E-01
C25       4.9475523390E-01  8.9729961956E-05  3.7632066006E+01 -4.2979343170E+01  5.5297353986E-01
Cl26     -6.9520479000E-01  1.9569032281E-05  4.5971121667E+02 -5.2503325586E+02  2.0453146766E-01
Cl27     -6.9519307900E-01  3.0085907258E-05  4.5971121981E+02 -5.2503325945E+02  2.0448965504E-01
N28      -1.2165012438E+00  7.5158451316E-05  5.5143940971E+01 -6.2979544155E+01  1.0271550148E-01
C29       5.8178380300E-01 -4.0000651579E-05  3.7547442529E+01 -4.2882695235E+01  7.2416298421E-01
H30       1.0743118291E-01  1.0465817706E-05  5.8149304629E-01 -6.6411950869E-01  1.2908287317E-01
C31      -3.4820525200E-02  6.6585552966E-05  3.7901008669E+01 -4.3286500873E+01  1.4927381196E-01
H32       5.8605266560E-02  2.4025627287E-05  5.9300561833E-01 -6.7726794398E-01  1.4002228145E-01
C33      -2.8021386200E-02  7.4801407628E-06  3.7899175612E+01 -4.3284407351E+01  1.2703239256E-01
H34       5.4069826160E-02  2.3062207889E-05  5.9444288850E-01 -6.7890944109E-01  1.4147252325E-01
C35      -3.1340100000E-03 -8.6483743502E-05  3.7916913614E+01 -4.3304665810E+01  4.4582160719E-02
C36      -2.9795757300E-02  2.6892812022E-06  3.7887343007E+01 -4.3270893408E+01  1.3853975609E-01
H37       4.8080035870E-02  2.2903039975E-05  5.9661375885E-01 -6.8138877831E-01  1.4382812525E-01
C38      -2.9883789600E-02 -1.2016920924E-04  3.7887308720E+01 -4.3270854249E+01  1.3860699106E-01
H39       4.8083967540E-02  2.3796800317E-05  5.9661225223E-01 -6.8138705761E-01  1.4383007714E-01
C40      -3.1843737000E-03 -1.2443416718E-04  3.7916883045E+01 -4.3304630898E+01  4.4798727929E-02
C41      -2.8059814100E-02 -3.5828919272E-05  3.7899164923E+01 -4.3284395143E+01  1.2695293244E-01
H42       5.4070595870E-02  2.1707433014E-05  5.9444142920E-01 -6.7890777444E-01  1.4147294836E-01
C43      -3.4929692300E-02 -4.7489827051E-05  3.7900968390E+01 -4.3286454871E+01  1.4959335309E-01
H44       5.8601439280E-02  2.2637525792E-05  5.9300667456E-01 -6.7726915029E-01  1.4001453554E-01
C45       5.8184144900E-01  5.2293109716E-05  3.7547467111E+01 -4.2882723310E+01  7.2425329839E-01
H46       1.0737577667E-01 -6.4291013509E-05  5.8148045539E-01 -6.6410512871E-01  1.2903362127E-01
N47      -1.2165943851E+00 -2.9001087739E-05  5.5143909718E+01 -6.2979508462E+01  1.0261037705E-01
C48       5.2188561510E-01  5.2421304550E-07  3.7625167447E+01 -4.2971464369E+01  5.6610129447E-01
C49       5.2179414220E-01 -8.4208397378E-05  3.7625142969E+01 -4.2971436413E+01  5.6601211125E-01
--------------------------------------------------------------------------------------------------
Total    -7.1484830000E-04  1.0413515324E-02  2.3554178050E+03 -2.6901076898E+03
 
1st Largest |L(A)| = 1.0716664284E-02, atom U1      
2nd Largest |L(A)| = 3.7801542529E-04, atom C16     
 
Warning!  Significant integration error for the following atom:  U1      
 
Molecular charge q(Mol) from the wfx file:   0.0000000000E+00
Molecular energy E(Mol) from the wfx file:  -2.6901078278E+03
Molecular virial ratio (-V(Mol)/T(Mol)) from the wfx file:   2.1420936380E+00
Note.  K_Scaled(A) = (1+V(Mol)/T(Mol))*K(A) = (E(Mol)/T(Mol))*K(A)
       Only use K_Scaled(A) data with caution.
 
Warning!  Significant cumulative integration error.
 
N_AIMInt(SumA)     =        330.000715
N_Analytic(Mol)    =        270.000000
 
G_AIMInt(SumA)     =       2355.407391
G_Analytic(Mol)    =       2355.417926
 
K_AIMInt(SumA)     =       2355.417805
K_Analytic(Mol)    =       2355.417926
 
L_AIMInt(SumA)     =          0.010414
L_Analytic(Mol)    =          0.000000
 
VenT_AIMInt(SumA)  =     -15201.549721
VenT_Analytic(Mol) =     -15201.522189
 
Some Information About the Atomic Calculations:
----------------------------------------------
  Time(sec) = "Elapsed User Time", in Seconds, for Atom A by AIMInt and, if used, by TWOe
  NProc = Number of Processors Used for AIMInt Job
  BIM = Basin Integration Method
  OAQ = Angular Quadrature Outside of Beta Sphere
  ORQ = Multiple of Default for Radial Quadrature Outside of Beta Sphere
  IAQ = Multiple of Default for Angular Quadrature Inside of Beta Sphere
  IRQ = Multiple of Default for Radial Quadrature Inside of Beta Sphere
  MIR = Maximum Integration Radius
------------------------------------------------------------------------------------------------------
Atom A     Time(sec)   NProc      BIM          OAQ                     ORQ      IAQ      IRQ      MIR
------------------------------------------------------------------------------------------------------
U1           3338       16     Proaim(5)    9000(GS9)                  1.00     1.00     1.00    13.00
O2            914       16     Proaim(5)    4500(GS4)                  1.00     1.00     1.00    13.00
O3           1067       16     Proaim(5)    4500(GS4)                  1.00     1.00     1.00    13.00
N4           1018       16     Proaim(5)    4500(GS4)                  1.00     1.00     1.00    13.00
C5            840       16     Proaim(5)    4500(GS4)                  1.00     1.00     1.00    13.00
H6            615       16     Proaim(5)    4500(GS4)                  1.00     1.00     1.00    13.00
C7            653       16     Proaim(5)    4500(GS4)                  1.00     1.00     1.00    13.00
H8            365       16     Proaim(5)    1800(GS4)                  1.00     1.00     1.00    13.00
C9            646       16     Proaim(5)    4500(GS4)                  1.00     1.00     1.00    13.00
H10           395       16     Proaim(5)    1800(GS4)                  1.00     1.00     1.00    13.00
C11           639       16     Proaim(5)    4500(GS4)                  1.00     1.00     1.00    13.00
C12          1024       16     Proaim(5)    4500(GS4)                  1.00     1.00     1.00    13.00
H13           552       16     Proaim(5)    1800(GS4)                  1.00     1.00     1.00    13.00
C14           768       16     Proaim(5)    4500(GS4)                  1.00     1.00     1.00    13.00
H15           459       16     Proaim(5)    1800(GS4)                  1.00     1.00     1.00    13.00
C16           769       16     Proaim(5)    4500(GS4)                  1.00     1.00     1.00    13.00
C17           758       16     Proaim(5)    4500(GS4)                  1.00     1.00     1.00    13.00
H18           427       16     Proaim(5)    1800(GS4)                  1.00     1.00     1.00    13.00
C19           770       16     Proaim(5)    4500(GS4)                  1.00     1.00     1.00    13.00
H20           381       16     Proaim(5)    1800(GS4)                  1.00     1.00     1.00    13.00
C21           824       16     Proaim(5)    4500(GS4)                  1.00     1.00     1.00    13.00
H22           657       16     Proaim(5)    4500(GS4)                  1.00     1.00     1.00    13.00
N23           991       16     Proaim(5)    4500(GS4)                  1.00     1.00     1.00    13.00
C24           853       16     Proaim(5)    4500(GS4)                  1.00     1.00     1.00    13.00
C25          1069       16     Proaim(5)    4500(GS4)                  1.00     1.00     1.00    13.00
Cl26         1423       16     Proaim(5)    4500(GS4)                  1.00     1.00     1.00    13.00
Cl27         1378       16     Proaim(5)    4500(GS4)                  1.00     1.00     1.00    13.00
N28          1168       16     Proaim(5)    4500(GS4)                  1.00     1.00     1.00    13.00
C29           752       16     Proaim(5)    4500(GS4)                  1.00     1.00     1.00    13.00
H30           656       16     Proaim(5)    4500(GS4)                  1.00     1.00     1.00    13.00
C31           631       16     Proaim(5)    4500(GS4)                  1.00     1.00     1.00    13.00
H32           377       16     Proaim(5)    1800(GS4)                  1.00     1.00     1.00    13.00
C33           530       16     Proaim(5)    4500(GS4)                  1.00     1.00     1.00    13.00
H34           331       16     Proaim(5)    1800(GS4)                  1.00     1.00     1.00    13.00
C35           558       16     Proaim(5)    4500(GS4)                  1.00     1.00     1.00    13.00
C36           704       16     Proaim(5)    4500(GS4)                  1.00     1.00     1.00    13.00
H37           353       16     Proaim(5)    1800(GS4)                  1.00     1.00     1.00    13.00
C38           727       16     Proaim(5)    4500(GS4)                  1.00     1.00     1.00    13.00
H39           493       16     Proaim(5)    1800(GS4)                  1.00     1.00     1.00    13.00
C40           958       16     Proaim(5)    4500(GS4)                  1.00     1.00     1.00    13.00
C41           803       16     Proaim(5)    4500(GS4)                  1.00     1.00     1.00    13.00
H42           427       16     Proaim(5)    1800(GS4)                  1.00     1.00     1.00    13.00
C43           835       16     Proaim(5)    4500(GS4)                  1.00     1.00     1.00    13.00
H44           459       16     Proaim(5)    1800(GS4)                  1.00     1.00     1.00    13.00
C45          1077       16     Proaim(5)    4500(GS4)                  1.00     1.00     1.00    13.00
H46           793       16     Proaim(5)    4500(GS4)                  1.00     1.00     1.00    13.00
N47           827       16     Proaim(5)    4500(GS4)                  1.00     1.00     1.00    13.00
C48          1056       16     Proaim(5)    4500(GS4)                  1.00     1.00     1.00    13.00
C49           797       16     Proaim(5)    4500(GS4)                  1.00     1.00     1.00    13.00
------------------------------------------------------------------------------------------------------
Total       38905
Note:  Total wall clock time is less than total of atomic times if more than one atom
       was calculated at a time
 
Electron Density Critical Point Analysis of Molecular Structure:               
---------------------------------------------------------------                
  NACP = Nuclear Attractor Critical Point                                      
  NNACP = Non-Nuclear Attractor Critical Point                                 
  BCP = Bond Critical Point                                                    
  RCP = Ring Critical Point                                                    
  CCP = Cage Critical Point                                                    
  Rho = Electron Density                                                       
  GradRho = Gradient of Electron Density                                       
  HessRho_EigVals = Eigenvalues of the Hessian of Rho, Ascending Order         
  HessRho_EigVecs = Eigenvectors of the Hessian of Rho                         
  DelSqRho = Laplacian of Rho = Trace of Hessian of Rho                        
  Bond Ellipticity = (HessRho_EigVal(1) / HessRho_EigVal(2)) - 1               
  V = Virial Field = Potential Energy Density = Trace of Stress Tensor         
  G = Lagrangian Form of Kinetic Energy Density                                
  K = Hamiltonian Form of Kinetic Energy Density                               
  L = K - G = Lagrangian Density = (-1/4)DelSqRho                              
  Vnuc = Electrostatic Potential from Nuclei                                   
  Ven = Electron-nuclear attractive contribution to Virial Field V             
  Vrep = V - Ven = Repulsive contribution to Virial Field V                    
  DelSqV = Laplacian of V                                                      
  DelSqVen = Laplacian of Ven                                                  
  DelSqVrep = Laplacian of Vrep                                                
  DelSqG = Laplacian of G                                                      
  DelSqK = Laplacian of K                                                      
  Stress_EigVals = Eigenvalues of Stress Tensor, Ascending Order               
  Stress_EigVecs = Eigenvectors of Stress Tensor                               
  -DivStress = Ehrenfest Force Density = Minus Divergence of Stress Tensor     
  ESP = Total Electrostatic Potential                                          
  ESPe = Electrostatic Potential from Electrons                                
  ESPn = Electrostatic Potential from Nuclei                                   
  BP = Bond Path                                                               
  BPL = Bond Path Length                                                       
  GBL = Geometric Bond Length                                                  
  GBL_I = Distance Between Nuclear Attractors                                  
  GBL_II = Distance Between Nuclei                                             
  GBL_III = Sum of Distances Between BCP and Nuclear Attractors                
  GBL_IV = Sum of Distances Between BCP and Nuclei                             

CP# 1      Coords = -1.54498809579196E-18  7.58941520739840E-19  2.21502853564300E-01
           Type = (3,-3) NACP U1
           Rho =  1.8048580000E+07     Rho at Nucleus =  1.8048580000E+07
           GradRho = -1.9178571897E-17  6.1823958310E-17  3.4199866113E-03
           HessRho_EigVals = -8.2401238760E+14 -8.2401238760E+14 -8.2401238760E+14
           HessRho_EigVec1 =  0.0000000000E+00  1.0000000000E+00  0.0000000000E+00
           HessRho_EigVec2 =  0.0000000000E+00  0.0000000000E+00  1.0000000000E+00
           HessRho_EigVec3 =  1.0000000000E+00  0.0000000000E+00  0.0000000000E+00
           DelSqRho = -2.4720371628E+15
           Bond Ellipticity = NA
           V = -6.8129305654E+03
           G =  1.4805039010E+03
           K =  5.3324266644E+03
           L =  6.1800929070E+14
           Vnuc =  9.2000000352E+09
           Ven = -1.6604693663E+17
           Vrep =  1.6604693663E+17
           DelSqV =  5.3500702930E+08
           DelSqVen =  4.9814081026E+33
           DelSqVrep = -4.9814081026E+33
           DelSqG =  4.4174659792E+07
           DelSqK = -5.7918168909E+08
           Stress_EigVals = -2.2762530659E+03 -2.2736843490E+03 -2.2629931506E+03
           Stress_EigVec1 =  1.0000000000E+00  0.0000000000E+00  0.0000000000E+00
           Stress_EigVec2 =  0.0000000000E+00  0.0000000000E+00  1.0000000000E+00
           Stress_EigVec3 =  0.0000000000E+00  1.0000000000E+00  0.0000000000E+00
           -DivStress =  3.6606005547E-14 -1.2385019331E-13 -1.9332951700E+02
           ESP =  -8.2751523919E+02     ESP at Nucleus =  -8.2751523919E+02
           ESPe = -8.6271086261E+02     ESPe at Nucleus = -8.6271086261E+02
           ESPn =  3.5195623427E+01     ESPn at Nucleus =  3.5195623427E+01

CP# 2      Coords = -1.11022331452845E-16  3.27665885819636E+00  7.20739947416197E-01
           Type = (3,-3) NACP O2
           Rho =  3.0237482659E+02     Rho at Nucleus =  3.0237482115E+02
           GradRho = -4.0614887666E-18 -2.0498891473E-10  2.9551847081E-11
           HessRho_EigVals = -1.5066622678E+06 -1.5066611471E+06 -1.5066593793E+06
           HessRho_EigVec1 =  0.0000000000E+00  4.7100973755E-01  8.8212801063E-01
           HessRho_EigVec2 =  1.0000000000E+00  0.0000000000E+00  0.0000000000E+00
           HessRho_EigVec3 =  0.0000000000E+00  8.8212801063E-01 -4.7100973755E-01
           DelSqRho = -4.5199827942E+06
           Bond Ellipticity = NA
           V = -1.1301424148E+06
           G =  7.3358131207E+01
           K =  1.1300690567E+06
           L =  1.1299956985E+06
           Vnuc =  2.9771571248E+06
           Ven = -9.0021736934E+08
           Vrep =  8.9908722692E+08
           DelSqV =  2.2025078556E+11
           DelSqVen =  1.3456699195E+13
           DelSqVrep = -1.3236448393E+13
           DelSqG =  5.6323872541E+09
           DelSqK = -2.2588317281E+11
           Stress_EigVals = -3.7671450934E+05 -3.7671410077E+05 -3.7671380470E+05
           Stress_EigVec1 =  0.0000000000E+00  8.5471845334E-01 -5.1909186617E-01
           Stress_EigVec2 =  1.0000000000E+00  0.0000000000E+00  0.0000000000E+00
           Stress_EigVec3 =  0.0000000000E+00  5.1909186617E-01  8.5471845334E-01
           -DivStress =  2.0313187992E-12  1.9174141976E+05  3.5177156486E+04
           ESP =  -2.2379616083E+01     ESP at Nucleus =  -2.2379616115E+01
           ESPe = -7.8964962577E+01     ESPe at Nucleus = -7.8964935870E+01
           ESPn =  5.6585346494E+01     ESPn at Nucleus =  5.6585319754E+01

CP# 3      Coords = -1.11022330435098E-16 -3.27665885819636E+00  7.20739947416197E-01
           Type = (3,-3) NACP O3
           Rho =  3.0237482659E+02     Rho at Nucleus =  3.0237482115E+02
           GradRho = -5.6798110609E-18  2.0498969189E-10  2.9550278891E-11
           HessRho_EigVals = -1.5066622678E+06 -1.5066611471E+06 -1.5066593793E+06
           HessRho_EigVec1 =  0.0000000000E+00 -4.7100973748E-01  8.8212801066E-01
           HessRho_EigVec2 =  1.0000000000E+00  0.0000000000E+00  0.0000000000E+00
           HessRho_EigVec3 =  0.0000000000E+00  8.8212801066E-01  4.7100973748E-01
           DelSqRho = -4.5199827942E+06
           Bond Ellipticity = NA
           V = -1.1301424148E+06
           G =  7.3358131207E+01
           K =  1.1300690567E+06
           L =  1.1299956985E+06
           Vnuc =  2.9771571248E+06
           Ven = -9.0021736934E+08
           Vrep =  8.9908722692E+08
           DelSqV =  2.2025078556E+11
           DelSqVen =  1.3456699179E+13
           DelSqVrep = -1.3236448377E+13
           DelSqG =  5.6323872541E+09
           DelSqK = -2.2588317281E+11
           Stress_EigVals = -3.7671450934E+05 -3.7671410077E+05 -3.7671380470E+05
           Stress_EigVec1 =  0.0000000000E+00  8.5471845328E-01  5.1909186627E-01
           Stress_EigVec2 =  1.0000000000E+00  0.0000000000E+00  0.0000000000E+00
           Stress_EigVec3 =  0.0000000000E+00 -5.1909186627E-01  8.5471845328E-01
           -DivStress =  1.9590088529E-12 -1.9174141976E+05  3.5177156486E+04
           ESP =  -2.2379616083E+01     ESP at Nucleus =  -2.2379616115E+01
           ESPe = -7.8964962577E+01     ESPe at Nucleus = -7.8964935870E+01
           ESPn =  5.6585346494E+01     ESPn at Nucleus =  5.6585319754E+01

CP# 4      Coords =  2.58883324352816E+00 -1.11022263928784E-16  4.57401028009248E+00
           Type = (3,-3) NACP N4
           Rho =  1.9851390770E+02     Rho at Nucleus =  1.9851389600E+02
           GradRho = -1.3846057634E-10  1.0488773431E-19  2.3509638680E-10
           HessRho_EigVals = -7.3894219868E+05 -7.3894060356E+05 -7.3892985226E+05
           HessRho_EigVec1 =  0.0000000000E+00  1.0000000000E+00  0.0000000000E+00
           HessRho_EigVec2 =  8.3555896295E-01  0.0000000000E+00 -5.4940078215E-01
           HessRho_EigVec3 =  5.4940078215E-01  0.0000000000E+00  8.3555896295E-01
           DelSqRho = -2.2168126545E+06
           Bond Ellipticity = NA
           V = -5.5425833051E+05
           G =  2.7583444639E+01
           K =  5.5423074707E+05
           L =  5.5420316362E+05
           Vnuc =  1.2438330200E+06
           Ven = -2.4691815332E+08
           Vrep =  2.4636389499E+08
           DelSqV =  7.8920813001E+10
           DelSqVen =  2.7573447823E+12
           DelSqVrep = -2.6784239673E+12
           DelSqG =  2.0634976126E+09
           DelSqK = -8.0984310614E+10
           Stress_EigVals = -1.8475439423E+05 -1.8475238611E+05 -1.8475155017E+05
           Stress_EigVec1 =  5.7930418188E-01  0.0000000000E+00  8.1511144322E-01
           Stress_EigVec2 =  8.1511144322E-01  0.0000000000E+00 -5.7930418188E-01
           Stress_EigVec3 =  0.0000000000E+00  1.0000000000E+00  0.0000000000E+00
           -DivStress = -6.5540703399E+04 -9.4373521681E-13 -1.3078578587E+05
           ESP =  -1.8346114939E+01     ESP at Nucleus =  -1.8346115074E+01
           ESPe = -6.8126815799E+01     ESPe at Nucleus = -6.8126834281E+01
           ESPn =  4.9780700860E+01     ESPn at Nucleus =  4.9780719207E+01

CP# 5      Coords =  5.08328061297904E+00 -2.22044637238881E-16  4.58801421100174E+00
           Type = (3,-3) NACP C5
           Rho =  1.2217881629E+02     Rho at Nucleus =  1.2217881539E+02
           GradRho = -6.4485639051E-11  1.4126607650E-20 -5.2636173198E-11
           HessRho_EigVals = -3.2305454683E+05 -3.2305168587E+05 -3.2305004693E+05
           HessRho_EigVec1 =  0.0000000000E+00  1.0000000000E+00  0.0000000000E+00
           HessRho_EigVec2 =  9.8850295720E-01  0.0000000000E+00  1.5120153309E-01
           HessRho_EigVec3 = -1.5120153309E-01  0.0000000000E+00  9.8850295720E-01
           DelSqRho = -9.6915627963E+05
           Bond Ellipticity = NA
           V = -2.4230633507E+05
           G =  8.6325830531E+00
           K =  2.4229770249E+05
           L =  2.4228906991E+05
           Vnuc =  2.5434217184E+06
           Ven = -3.1075225489E+08
           Vrep =  3.1050994855E+08
           DelSqV =  2.3771314788E+10
           DelSqVen =  2.4649731154E+12
           DelSqVrep = -2.4412017965E+12
           DelSqG =  6.4077162406E+08
           DelSqK = -2.4412086412E+10
           Stress_EigVals = -8.0769371231E+04 -8.0768985101E+04 -8.0767978743E+04
           Stress_EigVec1 = -1.3728017201E-01  0.0000000000E+00  9.9053225812E-01
           Stress_EigVec2 =  9.9053225812E-01  0.0000000000E+00  1.3728017201E-01
           Stress_EigVec3 =  0.0000000000E+00  1.0000000000E+00  0.0000000000E+00
           -DivStress =  1.5985430239E+04  2.4287094036E-13 -9.2310056398E+03
           ESP =  -1.4718706046E+01     ESP at Nucleus =  -1.4718706050E+01
           ESPe = -5.7775633517E+01     ESPe at Nucleus = -5.7775627442E+01
           ESPn =  4.3056927472E+01     ESPn at Nucleus =  4.3056921392E+01

CP# 6      Coords =  5.96614479389721E+00 -3.31369621774376E-16  2.77423694319330E+00
           Type = (3,-3) NACP H6
           Rho =  4.2793655976E-01     Rho at Nucleus =  4.2387503220E-01
           GradRho = -5.3095006690E-14 -2.3829852965E-21  1.1794731858E-13
           HessRho_EigVals = -8.6577672253E+00 -8.6491241502E+00 -7.8288357847E+00
           HessRho_EigVec1 =  9.0549610690E-01  0.0000000000E+00  4.2435456918E-01
           HessRho_EigVec2 =  0.0000000000E+00  1.0000000000E+00  0.0000000000E+00
           HessRho_EigVec3 = -4.2435456918E-01  0.0000000000E+00  9.0549610690E-01
           DelSqRho = -2.5135727160E+01
           Bond Ellipticity = NA
           V = -6.2992894852E+00
           G =  7.6788475703E-03
           K =  6.2916106376E+00
           L =  6.2839317901E+00
           Vnuc =  7.5498127971E+01
           Ven = -3.2308409152E+01
           Vrep =  2.6009119667E+01
           DelSqV =  1.6255308126E+03
           DelSqVen =  1.8977003458E+03
           DelSqVrep = -2.7216953313E+02
           DelSqG =  1.2362286730E+02
           DelSqK = -1.7491536799E+03
           Stress_EigVals = -2.1689163369E+00 -2.1676201864E+00 -1.9627529619E+00
           Stress_EigVec1 =  9.0222156803E-01  0.0000000000E+00  4.3127281643E-01
           Stress_EigVec2 =  0.0000000000E+00  1.0000000000E+00  0.0000000000E+00
           Stress_EigVec3 = -4.3127281643E-01  0.0000000000E+00  9.0222156803E-01
           -DivStress =  7.0089070087E+00 -9.1491018961E-16 -1.5261859319E+01
           ESP =  -1.0951166191E+00     ESP at Nucleus =  -1.0965614443E+00
           ESPe = -4.4948524906E+01     ESPe at Nucleus = -4.4884105446E+01
           ESPn =  4.3853408287E+01     ESPn at Nucleus =  4.3787544001E+01

CP# 7      Coords =  6.51907564270984E+00 -2.22044650283419E-16  6.80747921751132E+00
           Type = (3,-3) NACP C7
           Rho =  1.2211836475E+02     Rho at Nucleus =  1.2211836474E+02
           GradRho = -3.5527303321E-11 -9.1155579204E-24 -8.3704237985E-11
           HessRho_EigVals = -3.2287318445E+05 -3.2287056407E+05 -3.2287016271E+05
           HessRho_EigVec1 =  0.0000000000E+00  1.0000000000E+00  0.0000000000E+00
           HessRho_EigVec2 =  9.7578611707E-01  0.0000000000E+00  2.1872689302E-01
           HessRho_EigVec3 = -2.1872689302E-01  0.0000000000E+00  9.7578611707E-01
           DelSqRho = -9.6861391123E+05
           Bond Ellipticity = NA
           V = -2.4217109945E+05
           G =  8.8108224084E+00
           K =  2.4216228863E+05
           L =  2.4215347781E+05
           Vnuc =  3.7049698204E+07
           Ven = -4.5244485590E+09
           Vrep =  4.5242063879E+09
           DelSqV =  2.3758010813E+10
           DelSqVen =  3.5887039644E+13
           DelSqVrep = -3.5863285827E+13
           DelSqG =  6.4037162001E+08
           DelSqK = -2.4398382433E+10
           Stress_EigVals = -8.0724085170E+04 -8.0723968076E+04 -8.0723046206E+04
           Stress_EigVec1 = -2.4541435722E-01  0.0000000000E+00  9.6941827570E-01
           Stress_EigVec2 =  9.6941827570E-01  0.0000000000E+00  2.4541435722E-01
           Stress_EigVec3 =  0.0000000000E+00  1.0000000000E+00  0.0000000000E+00
           -DivStress =  1.0548996079E+03  3.5465185436E-13  6.9509389884E+02
           ESP =  -1.4739993955E+01     ESP at Nucleus =  -1.4739993954E+01
           ESPe = -5.0671016404E+01     ESPe at Nucleus = -5.0671015862E+01
           ESPn =  3.5931022449E+01     ESPn at Nucleus =  3.5931021908E+01

CP# 8      Coords =  8.53091939175560E+00 -3.27372157050247E-18  6.68000479676322E+00
           Type = (3,-3) NACP H8
           Rho =  4.3393703896E-01     Rho at Nucleus =  4.3033791143E-01
           GradRho = -6.2175958826E-14 -4.2845431619E-28  2.7200464103E-15
           HessRho_EigVals = -8.7996870451E+00 -8.7929650377E+00 -8.0411102053E+00
           HessRho_EigVec1 =  6.4265253165E-02  0.0000000000E+00  9.9793285207E-01
           HessRho_EigVec2 =  0.0000000000E+00  1.0000000000E+00  0.0000000000E+00
           HessRho_EigVec3 =  9.9793285207E-01  0.0000000000E+00 -6.4265253165E-02
           DelSqRho = -2.5633762288E+01
           Bond Ellipticity = NA
           V = -6.4219757716E+00
           G =  6.7675998045E-03
           K =  6.4152081718E+00
           L =  6.4084405720E+00
           Vnuc =  6.6536979844E+01
           Ven = -2.8872860015E+01
           Vrep =  2.2450884243E+01
           DelSqV =  1.6649624931E+03
           DelSqVen =  1.7055931247E+03
           DelSqVrep = -4.0630631629E+01
           DelSqG =  1.2669399454E+02
           DelSqK = -1.7916564876E+03
           Stress_EigVals = -2.2048050819E+00 -2.2046987928E+00 -2.0124718969E+00
           Stress_EigVec1 =  0.0000000000E+00  1.0000000000E+00  0.0000000000E+00
           Stress_EigVec2 =  6.4735907419E-02  0.0000000000E+00  9.9790243125E-01
           Stress_EigVec3 =  9.9790243125E-01  0.0000000000E+00 -6.4735907419E-02
           -DivStress =  1.5918181372E+01  1.8021906172E-15 -1.0580928141E+00
           ESP =  -1.0755737554E+00     ESP at Nucleus =  -1.0768772062E+00
           ESPe = -3.3633346332E+01     ESPe at Nucleus = -3.3519445178E+01
           ESPn =  3.2557772576E+01     ESPn at Nucleus =  3.2442567972E+01

CP# 9      Coords =  5.30142286209618E+00 -2.22044631362777E-16  9.08592337599314E+00
           Type = (3,-3) NACP C9
           Rho =  1.2215204577E+02     Rho at Nucleus =  1.2215204574E+02
           GradRho = -3.9615299929E-10  5.0777269614E-25  1.4568868334E-10
           HessRho_EigVals = -3.2297930735E+05 -3.2297624205E+05 -3.2297556022E+05
           HessRho_EigVec1 =  0.0000000000E+00  1.0000000000E+00  0.0000000000E+00
           HessRho_EigVec2 =  7.9958079995E-01  0.0000000000E+00  6.0055852700E-01
           HessRho_EigVec3 = -6.0055852700E-01  0.0000000000E+00  7.9958079995E-01
           DelSqRho = -9.6893110962E+05
           Bond Ellipticity = NA
           V = -2.4225023920E+05
           G =  8.7308981335E+00
           K =  2.4224150830E+05
           L =  2.4223277740E+05
           Vnuc =  1.2445241410E+07
           Ven = -1.5202116983E+09
           Vrep =  1.5199694481E+09
           DelSqV =  2.3765804822E+10
           DelSqVen =  1.2058586513E+13
           DelSqVrep = -1.2034820446E+13
           DelSqG =  6.4061471353E+08
           DelSqK = -2.4406419536E+10
           Stress_EigVals = -8.0750554787E+04 -8.0750355887E+04 -8.0749328528E+04
           Stress_EigVec1 = -5.9058677345E-01  0.0000000000E+00  8.0697414025E-01
           Stress_EigVec2 =  8.0697414025E-01  0.0000000000E+00  5.9058677345E-01
           Stress_EigVec3 =  0.0000000000E+00  1.0000000000E+00  0.0000000000E+00
           -DivStress =  3.2667380779E+03  1.9965845716E-13 -1.8835767371E+03
           ESP =  -1.4726638345E+01     ESP at Nucleus =  -1.4726638345E+01
           ESPe = -4.9435506962E+01     ESPe at Nucleus = -4.9435506670E+01
           ESPn =  3.4708868617E+01     ESPn at Nucleus =  3.4708868325E+01

CP# 10     Coords =  6.32659551140428E+00 -4.40836806361370E-16  1.08273340801151E+01
           Type = (3,-3) NACP H10
           Rho =  4.3445091859E-01     Rho at Nucleus =  4.3091310315E-01
           GradRho = -4.3524212012E-15  8.9069947650E-29 -7.0507835681E-15
           HessRho_EigVals = -8.8099308851E+00 -8.8043468193E+00 -8.0598902324E+00
           HessRho_EigVec1 =  8.5933958751E-01  0.0000000000E+00 -5.1140539041E-01
           HessRho_EigVec2 =  0.0000000000E+00  1.0000000000E+00  0.0000000000E+00
           HessRho_EigVec3 =  5.1140539041E-01  0.0000000000E+00  8.5933958751E-01
           DelSqRho = -2.5674167937E+01
           Bond Ellipticity = NA
           V = -6.4318604559E+00
           G =  6.6592358526E-03
           K =  6.4252012201E+00
           L =  6.4185419842E+00
           Vnuc =  6.5313517768E+01
           Ven = -2.8375517791E+01
           Vrep =  2.1943657335E+01
           DelSqV =  1.6683839370E+03
           DelSqVen =  1.6768702237E+03
           DelSqVrep = -8.4862867663E+00
           DelSqG =  1.2693277595E+02
           DelSqK = -1.7953167129E+03
           Stress_EigVals = -2.2073435110E+00 -2.2070917648E+00 -2.0174251801E+00
           Stress_EigVec1 =  8.5936628194E-01  0.0000000000E+00 -5.1136053177E-01
           Stress_EigVec2 =  0.0000000000E+00  1.0000000000E+00  0.0000000000E+00
           Stress_EigVec3 =  5.1136053177E-01  0.0000000000E+00  8.5936628194E-01
           -DivStress =  8.1244584191E+00 -1.7921361354E-15  1.3583435821E+01
           ESP =  -1.0667055729E+00     ESP at Nucleus =  -1.0679837858E+00
           ESPe = -3.2078688666E+01     ESPe at Nucleus = -3.1963019869E+01
           ESPn =  3.1011983093E+01     ESPn at Nucleus =  3.0895036083E+01

CP# 11     Coords =  2.65124353079038E+00 -1.11022180738376E-16  9.13807364179960E+00
           Type = (3,-3) NACP C11
           Rho =  1.2209775227E+02     Rho at Nucleus =  1.2209775227E+02
